#chr1	x1	x2	chr2	y1	y2	P_val
chr2	6880000	6930000	chr2	6990000	7100000	0.005446727650794258
chr2	9790000	9840000	chr2	9960000	10070000	0.0032264879842469254
chr2	10110000	10160000	chr2	10380000	10490000	1.6838882868477465e-06
chr2	16610000	16640000	chr2	16710000	16790000	3.1322561009665296e-09
chr2	20110000	20160000	chr2	20180000	20280000	0.0006571325912222385
chr2	20640000	20690000	chr2	20930000	21050000	3.5800344616153196e-05
chr2	23800000	23850000	chr2	24020000	24130000	0.0004707726364324744
chr2	27060000	27130000	chr2	27210000	27330000	0.3311632897737935
chr2	28560000	28610000	chr2	28750000	28870000	0.013473209289402144
chr2	37380000	37430000	chr2	37800000	37910000	3.574373875170472e-13
chr2	39030000	39100000	chr2	39140000	39280000	3.5688540820029353e-06
chr2	41840000	41890000	chr2	42030000	42130000	8.700540125835909e-11
chr2	42070000	42120000	chr2	42280000	42380000	0.015314548076249506
chr2	44950000	45000000	chr2	45470000	45600000	0.0002555135739950345
chr2	45620000	45670000	chr2	45860000	45990000	1.531374893215523e-05
chr2	48090000	48140000	chr2	48370000	48470000	4.1432002602536986e-10
chr2	54500000	54550000	chr2	54640000	54740000	3.05755966483424e-06
chr2	64020000	64070000	chr2	64490000	64590000	0.05776290658344167
chr2	64310000	64360000	chr2	64440000	64590000	0.0006096982146062925
chr2	64900000	64930000	chr2	64990000	65080000	1.3551554932709468e-14
chr2	69720000	69750000	chr2	69770000	69860000	1.5987493869457925e-25
chr2	69890000	69940000	chr2	70050000	70260000	3.016106861088869e-14
chr2	71280000	71330000	chr2	71430000	71540000	0.00453120503280008
chr2	74210000	74260000	chr2	74340000	74450000	0.00031975592196357495
chr2	86180000	86230000	chr2	86360000	86470000	0.0002956845710951895
chr2	88570000	88600000	chr2	88630000	88710000	1.4541719783699736e-10
chr2	89010000	89060000	chr2	90110000	90250000	5.005172751075894e-36
chr2	96400000	96410000	chr2	96480000	96560000	4.5076884069020805e-06
chr2	98390000	98440000	chr2	98530000	98640000	3.1668565634897967e-07
chr2	105090000	105140000	chr2	105200000	105310000	3.885546161631546e-05
chr2	112720000	112770000	chr2	112860000	112990000	4.800555872967421e-16
chr2	117800000	117850000	chr2	117930000	118030000	0.02720488268381836
chr2	118860000	118910000	chr2	119250000	119350000	0.03568008566914031
chr2	133860000	133910000	chr2	134410000	134510000	0.28811426550851355
chr2	134090000	134140000	chr2	134370000	134480000	0.005251548007884143
chr2	143090000	143140000	chr2	143200000	143310000	4.51256801086978e-06
chr2	151260000	151290000	chr2	151400000	151480000	0.00013900872833236765
chr2	157290000	157340000	chr2	157430000	157570000	3.393204551613756e-06
chr2	168320000	168370000	chr2	168690000	168820000	5.9878069137632144e-06
chr2	177140000	177190000	chr2	177260000	177360000	0.0009196778061378269
chr2	181060000	181110000	chr2	181460000	181600000	4.83729198024475e-07
chr2	186480000	186530000	chr2	186610000	186710000	0.0003719779080447547
chr2	191530000	191580000	chr2	191690000	191860000	2.2597585116477903e-11
chr2	199950000	200000000	chr2	200420000	200550000	1.2337401392862092e-08
chr2	202560000	202610000	chr2	202790000	202920000	2.694957348461943e-07
chr2	207720000	207770000	chr2	207990000	208090000	4.6408700461207205e-05
chr2	217770000	217820000	chr2	217940000	218080000	2.0116724749733323e-05
chr2	218260000	218330000	chr2	218330000	218460000	1.067163254666206e-08
chr2	222300000	222350000	chr2	222420000	222620000	7.196909396712031e-12
chr2	222670000	222720000	chr2	222850000	222960000	4.182783340781895e-10
chr2	224340000	224390000	chr2	224610000	224710000	0.0003909202135765054
chr2	227380000	227480000	chr2	227480000	227800000	0.0981305250395211
chr2	236320000	236370000	chr2	237010000	237110000	0.0001948183346763172
chr2	10020000	10180000	chr2	10400000	10450000	1.5360730191286332e-13
chr2	16510000	16620000	chr2	16730000	16780000	0.0009027331273689923
chr2	17650000	17760000	chr2	17810000	17860000	0.014747539209450617
chr2	20300000	20460000	chr2	20620000	20670000	4.1596542566316866e-05
chr2	24140000	24300000	chr2	24360000	24410000	1.011577999681308e-09
chr2	25930000	26030000	chr2	26120000	26170000	5.893090621770166e-11
chr2	33340000	33490000	chr2	33550000	33620000	7.034747460352554e-05
chr2	37860000	37980000	chr2	38260000	38310000	0.03539508061079383
chr2	38500000	38620000	chr2	38720000	38770000	1.1401865177613604e-13
chr2	41790000	41900000	chr2	42060000	42110000	1.0725404934414227e-07
chr2	43080000	43180000	chr2	43190000	43240000	1.0093434556202954e-05
chr2	44940000	45040000	chr2	45470000	45520000	8.909572999794654e-09
chr2	46880000	47000000	chr2	47300000	47330000	0.010656263277047879
chr2	47360000	47500000	chr2	47750000	47800000	2.3624055045845035e-05
chr2	47780000	47930000	chr2	48080000	48130000	8.000865624424647e-11
chr2	54980000	55080000	chr2	55130000	55180000	5.627176344829212e-05
chr2	60730000	60840000	chr2	60980000	61030000	3.878724067787219e-06
chr2	61300000	61420000	chr2	61460000	61530000	0.004314074477825191
chr2	61890000	62020000	chr2	62390000	62440000	2.8222477420641217e-05
chr2	64540000	64660000	chr2	64830000	64880000	2.7787511943573026e-12
chr2	65030000	65310000	chr2	65540000	65590000	2.297425718201623e-06
chr2	68430000	68530000	chr2	68900000	68950000	1.2440344409724247e-05
chr2	84990000	85090000	chr2	85270000	85320000	5.7466831177056505e-05
chr2	85380000	85480000	chr2	85510000	85560000	1.008343375162104e-05
chr2	85630000	85770000	chr2	85780000	85830000	1.850368613210548e-08
chr2	91810000	92010000	chr2	92040000	92090000	3.6604875116510496e-131
chr2	97650000	97790000	chr2	98350000	98420000	3.97414156066472e-06
chr2	99080000	99200000	chr2	99470000	99520000	0.005453101304366664
chr2	100520000	100640000	chr2	100970000	101020000	0.0007666905759084813
chr2	102200000	102320000	chr2	102410000	102460000	0.00010025670039810802
chr2	105310000	105410000	chr2	105510000	105560000	3.933641583250371e-06
chr2	108320000	108420000	chr2	108560000	108610000	0.0018850060250812253
chr2	111850000	111930000	chr2	112020000	112050000	2.110315261000966e-12
chr2	112550000	112640000	chr2	112720000	112750000	1.473704634778807e-05
chr2	121340000	121540000	chr2	121710000	121760000	0.00016965091266676088
chr2	135840000	135960000	chr2	136360000	136410000	1.384624167527635e-06
chr2	146990000	147110000	chr2	147890000	147940000	0.0010029510795386907
chr2	147900000	148000000	chr2	148490000	148540000	0.0023562739999525794
chr2	153690000	153750000	chr2	154360000	154370000	0.001247794052982222
chr2	154280000	154360000	chr2	155970000	155980000	0.005555814570307001
chr2	157980000	158080000	chr2	158730000	158780000	0.06654019845618048
chr2	171050000	171170000	chr2	171400000	171450000	1.2895331090153105e-05
chr2	171570000	171720000	chr2	172090000	172140000	0.1330289140829416
chr2	172990000	173100000	chr2	173180000	173230000	1.0814619392803362e-06
chr2	179670000	179730000	chr2	180480000	180490000	0.07045177680749223
chr2	181060000	181160000	chr2	181440000	181490000	1.6434743606779222e-05
chr2	181030000	181110000	chr2	181700000	181730000	0.0007570030874134203
chr2	191550000	191630000	chr2	191670000	191700000	5.353747956719012e-10
chr2	191760000	191880000	chr2	192140000	192190000	2.540887931438283e-06
chr2	195460000	195580000	chr2	195630000	195680000	0.004580236663144246
chr2	196050000	196160000	chr2	196250000	196300000	7.881512223628915e-07
chr2	196930000	197100000	chr2	197340000	197430000	0.02880630815417795
chr2	197760000	197850000	chr2	198110000	198140000	1.1855497441227763e-09
chr2	209920000	210030000	chr2	210170000	210220000	1.677614175986032e-11
chr2	216470000	216570000	chr2	216640000	216690000	1.606317925759428e-08
chr2	218980000	219090000	chr2	219110000	219160000	3.4306379465098717e-10
chr2	228420000	228520000	chr2	228620000	228670000	0.43445586923364304
chr2	230380000	230490000	chr2	230580000	230630000	9.769940115585311e-10
chr2	241610000	241750000	chr2	241860000	241910000	3.889741603768222e-09
#chr1	x1	x2	chr2	y1	y2	P_val
chr3	4300000	4350000	chr3	4630000	4730000	0.0022550921127361388
chr3	4690000	4740000	chr3	5000000	5120000	8.84205370529338e-11
chr3	8950000	9000000	chr3	9260000	9370000	1.0096503786013502e-06
chr3	15260000	15270000	chr3	15370000	15430000	2.418503383969548e-28
chr3	16250000	16300000	chr3	16520000	16630000	1.0920446170575207e-14
chr3	25620000	25670000	chr3	25810000	25910000	0.01474214091615691
chr3	27690000	27740000	chr3	28270000	28380000	4.33903896142997e-08
chr3	37840000	37870000	chr3	37940000	38030000	4.9660142747792836e-05
chr3	38090000	38140000	chr3	38240000	38350000	9.082712504421567e-05
chr3	44520000	44570000	chr3	44840000	44970000	0.00011339242498341646
chr3	46690000	46740000	chr3	46820000	46940000	1.0928034961770074e-09
chr3	50330000	50380000	chr3	50540000	50640000	0.022301341089550696
chr3	51980000	52030000	chr3	52110000	52210000	0.0003478094571363123
chr3	52210000	52240000	chr3	52280000	52370000	3.437847970211647e-05
chr3	56680000	56730000	chr3	56760000	56870000	1.630682548253108e-06
chr3	58310000	58340000	chr3	58410000	58570000	1.8596636950334208e-09
chr3	64010000	64060000	chr3	64430000	64540000	3.668633261202677e-05
chr3	66240000	66290000	chr3	66750000	66870000	1.5876196105604196e-12
chr3	72930000	72960000	chr3	73020000	73110000	3.5036600020452314e-19
chr3	89440000	89450000	chr3	89730000	89800000	1.0693136297105867e-07
chr3	90300000	90310000	chr3	90340000	90410000	5.100137768627541e-06
chr3	97770000	97820000	chr3	97960000	98070000	4.2582721144765854e-07
chr3	98020000	98070000	chr3	98520000	98640000	0.05333280410152431
chr3	99810000	99860000	chr3	100240000	100390000	3.486961929091378e-07
chr3	112090000	112140000	chr3	112450000	112610000	1.7656773553162667e-11
chr3	120220000	120270000	chr3	120380000	120490000	4.582629929589735e-05
chr3	124550000	124580000	chr3	124650000	124740000	2.817706295374204e-13
chr3	129620000	129670000	chr3	129820000	129990000	2.721474230085852e-09
chr3	130740000	130790000	chr3	130820000	130960000	1.2954160831536242e-19
chr3	132530000	132560000	chr3	132600000	132680000	0.0050075691402054635
chr3	132710000	132760000	chr3	133350000	133460000	3.991365013162106e-09
chr3	133420000	133470000	chr3	133580000	133690000	7.281766906237686e-07
chr3	141270000	141320000	chr3	141460000	141590000	0.3634515666598985
chr3	141440000	141490000	chr3	141550000	141680000	0.0006696345068464205
chr3	149940000	149990000	chr3	150150000	150260000	4.644310586050669e-08
chr3	168030000	168060000	chr3	168140000	168220000	2.709760326639045e-12
chr3	169440000	169450000	chr3	170480000	170540000	0.004211268497925107
chr3	172470000	172520000	chr3	172560000	172660000	9.201290107127837e-07
chr3	183870000	183920000	chr3	184210000	184330000	1.2941855847436356e-05
chr3	185940000	185990000	chr3	186500000	186600000	0.01566644233364905
chr3	186230000	186280000	chr3	186490000	186600000	8.621893778536749e-05
chr3	187280000	187350000	chr3	187610000	187750000	0.0004528822210924969
chr3	187720000	187770000	chr3	187990000	188140000	0.0011965791339479843
chr3	189940000	189990000	chr3	190360000	190460000	0.025601660846025668
chr3	192800000	192850000	chr3	192870000	192990000	0.011485677748653349
chr3	194470000	194500000	chr3	194550000	194630000	8.34440236653052e-05
chr3	194660000	194710000	chr3	195060000	195180000	3.5552530498201565e-06
chr3	197880000	197930000	chr3	198080000	198210000	2.532366712496194e-10
chr3	-20000	100000	chr3	340000	390000	3.8050131469649605e-21
chr3	4660000	4780000	chr3	5030000	5100000	7.540754078569355e-05
chr3	13040000	13140000	chr3	13440000	13490000	0.07726953634871313
chr3	15170000	15300000	chr3	15380000	15430000	2.44685320467348e-19
chr3	16220000	16330000	chr3	16530000	16580000	3.7086436949345787e-06
chr3	17220000	17300000	chr3	17390000	17420000	4.2593307040945736e-08
chr3	18510000	18620000	chr3	18730000	18780000	5.920003386821906e-05
chr3	18330000	18390000	chr3	20300000	20310000	2.449631391067376e-05
chr3	27310000	27390000	chr3	27450000	27480000	0.024016963754016383
chr3	33560000	33690000	chr3	33760000	33810000	2.5644714848222988e-05
chr3	41890000	42020000	chr3	42060000	42130000	0.002746958833440022
chr3	45750000	45860000	chr3	45900000	45930000	0.000454732052963736
chr3	45880000	46010000	chr3	46060000	46110000	0.0005780482555863336
chr3	46020000	46140000	chr3	46350000	46400000	0.0002200604888759208
chr3	47800000	47880000	chr3	47980000	48010000	5.3220307731793305e-08
chr3	47770000	47890000	chr3	48140000	48190000	0.0001750326582348784
chr3	49250000	49350000	chr3	49420000	49470000	1.0803644952787907e-08
chr3	49480000	49590000	chr3	49640000	49690000	3.424890002244847e-06
chr3	50310000	50430000	chr3	50520000	50570000	5.2783126453943304e-11
chr3	50550000	50650000	chr3	51350000	51400000	0.003184887438465483
chr3	51360000	51460000	chr3	51660000	51710000	0.00025998644635442865
chr3	56660000	56760000	chr3	56770000	56820000	1.3622739052349687e-11
chr3	78590000	78690000	chr3	79010000	79060000	2.6349482326121552e-05
chr3	93720000	94870000	chr3	94870000	94960000	0.42507339410482947
chr3	97720000	97830000	chr3	98000000	98050000	0.00012325195467444486
chr3	100010000	100110000	chr3	100220000	100270000	0.002390781789679343
chr3	101760000	101860000	chr3	102200000	102250000	0.0005038962108470217
chr3	111660000	111760000	chr3	111940000	111990000	2.0089350002571332e-05
chr3	112250000	112360000	chr3	112510000	112560000	1.737919818031489e-11
chr3	112700000	112800000	chr3	112950000	113000000	0.000624462407530949
chr3	119220000	119320000	chr3	119660000	119710000	0.0026355104407771376
chr3	124710000	124790000	chr3	124890000	124920000	4.3391058424291327e-07
chr3	133450000	133510000	chr3	133560000	133570000	1.8119683324310356e-13
chr3	134150000	134280000	chr3	134450000	134500000	0.0007825558290218667
chr3	136710000	136820000	chr3	136980000	137030000	5.846168494568089e-06
chr3	138420000	138540000	chr3	138900000	138950000	0.0024745073140223176
chr3	148810000	148890000	chr3	148920000	148950000	0.0031741588622174848
chr3	149070000	149170000	chr3	149240000	149290000	3.2173758807930156e-06
chr3	149330000	149410000	chr3	149460000	149490000	2.211545288591475e-07
chr3	149910000	150010000	chr3	150170000	150220000	9.332062240325263e-05
chr3	150170000	150300000	chr3	150480000	150530000	2.126415950226125e-07
chr3	151130000	151250000	chr3	151270000	151300000	5.657547159343495e-19
chr3	155310000	155420000	chr3	155680000	155730000	2.151955857335188e-07
chr3	155550000	155620000	chr3	156290000	156300000	0.005775174316172549
chr3	158810000	158930000	chr3	159230000	159280000	4.2666548597977946e-05
chr3	159230000	159340000	chr3	159780000	159830000	6.270896248649378e-05
chr3	159810000	159910000	chr3	159990000	160040000	1.8290932002251142e-10
chr3	160640000	160750000	chr3	160920000	160970000	6.682158280705432e-05
chr3	167990000	168100000	chr3	168150000	168200000	0.019346589427121138
chr3	178980000	179140000	chr3	179300000	179350000	1.8229847934154997e-08
chr3	179360000	179460000	chr3	179530000	179580000	0.0007214706382382905
chr3	179720000	179840000	chr3	180570000	180620000	0.0010484583280406024
chr3	183080000	183220000	chr3	183360000	183410000	1.6899911370167956e-14
chr3	183460000	183520000	chr3	183550000	183560000	0.0023065536582569314
chr3	194420000	194520000	chr3	194560000	194610000	3.184406434718668e-05
chr3	194610000	194710000	chr3	195240000	195290000	0.0009133476353001186
chr3	195240000	195320000	chr3	195510000	195540000	1.1326332651012524e-16
chr3	196000000	196130000	chr3	196170000	196220000	6.918305596710136e-38
chr3	196950000	197050000	chr3	197160000	197210000	2.6708136071882415e-05
chr5	3930000	3940000	chr5	4900000	4960000	0.006045487828064404
chr5	10420000	10470000	chr5	10600000	10720000	9.705092878534802e-05
chr5	13970000	14020000	chr5	14260000	14430000	8.018549744640157e-10
chr5	30400000	30490000	chr5	30490000	31000000	0.2522969049287405
chr5	36710000	36760000	chr5	36850000	37060000	1.8547197902946215e-09
chr5	39920000	39970000	chr5	40650000	40760000	0.0003437016483023295
chr5	52920000	52970000	chr5	53050000	53150000	0.08260581833376522
chr5	62200000	62250000	chr5	62300000	62460000	2.6030030250067323e-15
chr5	66290000	66340000	chr5	66720000	66820000	0.154467443714069
chr5	73570000	73620000	chr5	73750000	73850000	5.3397618560682825e-06
chr5	75710000	75760000	chr5	76190000	76300000	0.040000262525595964
chr5	80070000	80120000	chr5	80240000	80360000	1.6164213642087895e-17
chr5	81420000	81430000	chr5	82210000	82270000	2.630221354563495e-06
chr5	87750000	87800000	chr5	88630000	88730000	0.00817896868983678
chr5	94950000	95000000	chr5	95170000	95290000	1.7130754115462598e-05
chr5	96330000	96380000	chr5	96570000	96680000	0.008866131705243386
chr5	100330000	100440000	chr5	100440000	101750000	0.18664294042754628
chr5	108640000	108690000	chr5	109390000	109500000	0.0006615439951547716
chr5	110730000	110780000	chr5	111040000	111140000	0.01200268323432142
chr5	111130000	111180000	chr5	111420000	111520000	0.03762759072197211
chr5	115280000	115330000	chr5	115520000	115630000	0.00011139809020339873
chr5	115610000	115660000	chr5	116010000	116110000	0.0017054479542743717
chr5	117450000	117460000	chr5	117770000	117830000	0.036775754880604285
chr5	126320000	126370000	chr5	126460000	126600000	9.085863501228167e-14
chr5	126640000	126690000	chr5	126750000	126870000	2.1235869267004518e-16
chr5	132360000	132430000	chr5	132450000	132610000	3.4576178579103883e-12
chr5	139390000	139440000	chr5	139480000	139720000	4.4764980844265935e-27
chr5	141390000	141440000	chr5	141500000	141610000	4.8367755003624977e-11
chr5	148720000	148770000	chr5	148910000	149060000	8.0077125653976e-11
chr5	149620000	149670000	chr5	149780000	149900000	2.450797169355807e-16
chr5	151650000	151680000	chr5	151700000	151800000	1.0144865471357474e-36
chr5	154460000	154490000	chr5	154550000	154650000	2.414593144145302e-12
chr5	170200000	170270000	chr5	170330000	170470000	1.3210426606390054e-10
chr5	171900000	171950000	chr5	171970000	172100000	2.754694119632231e-19
chr5	172100000	172130000	chr5	172150000	172230000	4.704448164656181e-07
chr5	172450000	172500000	chr5	172640000	172740000	1.4053403455258049e-05
chr5	172950000	173000000	chr5	173130000	173350000	2.031091600567993e-14
chr5	173590000	173640000	chr5	173920000	174030000	4.7421842679273906e-07
chr5	175720000	175750000	chr5	175860000	175950000	0.09010883453690136
chr5	176630000	176680000	chr5	176900000	177050000	0.005032991991983585
chr5	177100000	177150000	chr5	177240000	177340000	0.004205370303172742
chr5	1110000	1210000	chr5	1620000	1670000	0.00680590198223466
chr5	6560000	6670000	chr5	6710000	6760000	2.2948094236750125e-14
chr5	14320000	14430000	chr5	14630000	14680000	0.008650186933647084
chr5	14660000	14760000	chr5	14990000	15040000	2.2314163860699613e-05
chr5	32200000	32540000	chr5	32580000	32630000	3.332003118355759e-57
chr5	34440000	34540000	chr5	34890000	34940000	0.002764199353199121
chr5	35710000	35830000	chr5	35900000	35950000	8.67850481811795e-06
chr5	36690000	36800000	chr5	36840000	36890000	3.0054927469819874e-08
chr5	37750000	37860000	chr5	38170000	38220000	0.0004622610281772085
chr5	53400000	53500000	chr5	54190000	54240000	0.014731629523755053
chr5	54860000	54960000	chr5	55130000	55180000	0.00027193672190964656
chr5	55280000	55400000	chr5	55670000	55720000	4.113018133149587e-06
chr5	59150000	59250000	chr5	59350000	59400000	0.009720823785659827
chr5	62400000	62500000	chr5	62760000	62810000	0.0004259543804087242
chr5	65020000	65120000	chr5	65460000	65510000	0.7090202438178643
chr5	72340000	72440000	chr5	72490000	72540000	0.00031865388597296043
chr5	73520000	73630000	chr5	73770000	73820000	1.911447200758485e-05
chr5	73860000	74080000	chr5	74630000	74680000	4.91918854079036e-06
chr5	76560000	76670000	chr5	76750000	76800000	8.796871720909182e-05
chr5	79100000	79200000	chr5	79440000	79490000	0.0016629116050158616
chr5	90410000	90470000	chr5	90520000	90530000	1.4359778875738663e-05
chr5	103180000	103290000	chr5	103450000	103500000	1.4283465782532946e-05
chr5	111440000	111570000	chr5	112130000	112180000	5.45575419113903e-06
chr5	115560000	115670000	chr5	115820000	115870000	1.6517296151262335e-06
chr5	123240000	123350000	chr5	123600000	123650000	0.457378756942823
chr5	126630000	126730000	chr5	126760000	126810000	6.821022734956674e-07
chr5	131120000	131240000	chr5	131370000	131420000	2.1412825695781977e-06
chr5	132340000	132440000	chr5	132470000	132520000	1.453385596937812e-16
chr5	134270000	134430000	chr5	134560000	134610000	7.862760653825632e-11
chr5	135860000	136050000	chr5	136160000	136230000	1.0429114008072815e-06
chr5	137270000	137350000	chr5	137490000	137520000	1.9390742969662974e-05
chr5	137580000	137700000	chr5	137700000	137770000	5.084917813901826e-08
chr5	139750000	139890000	chr5	139960000	139990000	4.868113681504415e-10
chr5	140010000	140110000	chr5	140120000	140170000	3.270659817263505e-07
chr5	140190000	140270000	chr5	140340000	140370000	6.33018011183269e-07
chr5	141300000	141410000	chr5	141540000	141590000	0.0023123138344727364
chr5	143290000	143440000	chr5	143800000	143850000	1.5023353146894797e-06
chr5	149590000	149700000	chr5	149810000	149860000	5.296357337570873e-10
chr5	149790000	149870000	chr5	149970000	150000000	6.531423049078322e-05
chr5	154030000	154130000	chr5	154380000	154430000	0.01032225727405684
chr5	157950000	158740000	chr5	159100000	159150000	3.165157608522002e-24
chr5	172040000	172140000	chr5	172260000	172310000	0.040261005218771045
chr5	173990000	174110000	chr5	174290000	174340000	7.72115716690793e-12
chr5	175920000	176070000	chr5	177800000	177890000	1.0052324627129349e-06
chr6	1580000	1630000	chr6	2080000	2260000	5.645119072376392e-06
chr6	2830000	2880000	chr6	2890000	2990000	1.5022220263037453e-11
chr6	3260000	3310000	chr6	3680000	3780000	1.095480722402219e-05
chr6	3720000	3770000	chr6	3930000	4050000	2.3359995370294726e-07
chr6	5120000	5170000	chr6	5340000	5440000	0.0006648414459709688
chr6	7690000	7740000	chr6	7970000	8090000	6.654505239269642e-05
chr6	10460000	10530000	chr6	10730000	10880000	1.4885608031066722e-12
chr6	15660000	15710000	chr6	16120000	16240000	3.39048872547082e-14
chr6	24830000	24880000	chr6	24980000	25090000	2.1336389643393136e-05
chr6	25240000	25290000	chr6	25460000	25570000	2.1032113986954615e-05
chr6	26020000	26070000	chr6	26090000	26280000	2.0421222830779908e-11
chr6	26320000	26350000	chr6	26490000	26570000	0.007016977576240568
chr6	27140000	27190000	chr6	27720000	27840000	1.5374169156686516e-16
chr6	30220000	30250000	chr6	30350000	30440000	0.0007027380383123568
chr6	30450000	30500000	chr6	30540000	30670000	1.0894754600236063e-05
chr6	32400000	32470000	chr6	32630000	32790000	8.783949496702523e-13
chr6	32970000	33040000	chr6	33060000	33300000	2.1302625673131881e-16
chr6	36590000	36640000	chr6	36670000	36820000	4.411013329916358e-19
chr6	37010000	37040000	chr6	37170000	37250000	1.91775946206254e-06
chr6	39330000	39380000	chr6	39850000	39950000	0.03966902267634307
chr6	47620000	47650000	chr6	47730000	47810000	5.5983388494217705e-09
chr6	51830000	51880000	chr6	51920000	52060000	1.4100566209295921e-08
chr6	52290000	52300000	chr6	52360000	52420000	1.1425483179355298e-15
chr6	53140000	53190000	chr6	53410000	53530000	3.5793324052973697e-12
chr6	63570000	63620000	chr6	63710000	63830000	2.648942851580413e-06
chr6	70680000	70730000	chr6	70830000	70940000	0.0006740691115370422
chr6	72590000	72640000	chr6	73090000	73200000	2.8923013268330605e-05
chr6	79060000	79090000	chr6	79190000	79270000	0.08898787596456278
chr6	94030000	94060000	chr6	94970000	95050000	0.0032280180681718267
chr6	108520000	108570000	chr6	108750000	108950000	8.099453390289949e-18
chr6	109160000	109210000	chr6	109340000	109450000	1.0943919432526642e-05
chr6	110670000	110700000	chr6	110860000	110950000	0.01787968409265859
chr6	111690000	111740000	chr6	111970000	112070000	1.5736366665357458e-10
chr6	112750000	112800000	chr6	113850000	113960000	5.6247402321694236e-08
chr6	116260000	116310000	chr6	116480000	116600000	1.3604993386333842e-14
chr6	117420000	117490000	chr6	117540000	117660000	0.11153014032607728
chr6	118550000	118580000	chr6	118750000	118830000	0.008061114215252813
chr6	122710000	122760000	chr6	122790000	122900000	0.0013640304829022586
chr6	125280000	125330000	chr6	125720000	125820000	8.507572304653226e-06
chr6	125760000	125810000	chr6	125920000	126020000	0.0023903475426780224
chr6	132260000	132310000	chr6	132430000	132560000	6.819273447028866e-12
chr6	132500000	132550000	chr6	132750000	132850000	4.726820788702676e-05
chr6	132810000	132860000	chr6	133500000	133600000	0.06366407138680395
chr6	133910000	133940000	chr6	134050000	134130000	9.8276872758987e-09
chr6	135500000	135550000	chr6	135870000	135980000	0.0030783120653824912
chr6	137060000	137110000	chr6	137220000	137360000	1.0072165490833538e-13
chr6	137680000	137730000	chr6	137850000	138020000	6.641207930098678e-10
chr6	144090000	144140000	chr6	144180000	144310000	7.219944723916542e-05
chr6	150040000	150110000	chr6	150300000	150440000	0.001371488508395916
chr6	150390000	150440000	chr6	150750000	150870000	1.1931965018322176e-05
chr6	152060000	152160000	chr6	152160000	152450000	0.6863050394319714
chr6	154130000	154180000	chr6	154260000	154420000	1.6138340120852755e-06
chr6	155300000	155350000	chr6	155480000	155580000	6.903690776143542e-07
chr6	157730000	157780000	chr6	157820000	157930000	0.001983034339010077
chr6	158200000	158250000	chr6	158450000	158620000	1.8783726364034036e-09
chr6	166750000	166800000	chr6	166950000	167070000	0.0006755843784647705
chr6	3230000	3330000	chr6	3710000	3760000	1.0838162575948396e-05
chr6	5080000	5180000	chr6	5370000	5420000	0.0006528865106366875
chr6	7220000	7330000	chr6	7590000	7640000	1.5117355267618615e-05
chr6	11110000	11220000	chr6	11460000	11510000	8.31775346368472e-06
chr6	18250000	18370000	chr6	18480000	18530000	7.235805859359656e-06
chr6	26100000	26320000	chr6	27110000	27160000	3.3225603905490935e-24
chr6	29620000	29760000	chr6	29820000	29850000	4.466536706837547e-08
chr6	30770000	30870000	chr6	31060000	31110000	0.0998301104769219
chr6	31110000	31210000	chr6	31350000	31400000	0.000140447634627633
chr6	32380000	32480000	chr6	32680000	32730000	1.7146258948501993e-07
chr6	33380000	33470000	chr6	33550000	33580000	2.7024529529466575e-06
chr6	34180000	34310000	chr6	34380000	34430000	2.858315839515349e-15
chr6	35260000	35380000	chr6	35420000	35470000	1.7269637208286e-11
chr6	35500000	35640000	chr6	35720000	35770000	8.128494652257338e-23
chr6	36960000	37070000	chr6	37170000	37220000	2.693257593588241e-12
chr6	37730000	37830000	chr6	37990000	38040000	0.13853043601208961
chr6	41760000	41970000	chr6	42010000	42060000	9.689493847929512e-12
chr6	49490000	49590000	chr6	49830000	49880000	0.0874367365193428
chr6	52350000	52450000	chr6	52640000	52690000	0.00862098114959068
chr6	56600000	56750000	chr6	56830000	56880000	6.962669080427007e-08
chr6	56860000	56970000	chr6	57290000	57340000	8.684273379690711e-07
chr6	70480000	70590000	chr6	70660000	70710000	1.7734560332366338e-06
chr6	73650000	73790000	chr6	75190000	75240000	3.458107044331459e-06
chr6	82190000	82310000	chr6	83030000	83080000	1.1677337154108449e-07
chr6	83170000	83270000	chr6	83490000	83540000	3.1311135211581036e-06
chr6	88060000	88120000	chr6	88120000	88230000	0.8750814892607942
chr6	89370000	89480000	chr6	89580000	89630000	0.0003988309777613128
chr6	106400000	106500000	chr6	106550000	106600000	1.4481567693480045e-06
chr6	111240000	111340000	chr6	111450000	111500000	0.00034238566532102365
chr6	116200000	116320000	chr6	116520000	116590000	0.0006687078916519538
chr6	123370000	123470000	chr6	123690000	123740000	0.0027733720010456172
chr6	129520000	129640000	chr6	129720000	129770000	6.521493104403227e-05
chr6	129640000	129780000	chr6	130000000	130050000	0.00034640158155041734
chr6	135060000	135210000	chr6	135400000	135450000	2.326062698407764e-06
chr6	136580000	136700000	chr6	136770000	136820000	9.609235304422462e-08
chr6	158640000	158810000	chr6	158950000	159000000	1.438123815586596e-17
chr6	165820000	165940000	chr6	166070000	166120000	6.071514892099429e-07
chr6	166220000	166320000	chr6	166380000	166430000	7.037656386203658e-05
chr6	166900000	167040000	chr6	167120000	167170000	3.5970575748904127e-09
chr7	310000	340000	chr7	720000	810000	3.721290702361266e-05
chr7	2850000	2900000	chr7	3120000	3270000	2.1998813178927093e-07
chr7	12920000	12990000	chr7	12990000	13840000	0.021911147614024497
chr7	22080000	22130000	chr7	22450000	22560000	3.1916986433886784e-10
chr7	22520000	22570000	chr7	22710000	22810000	6.172259338062738e-06
chr7	23540000	23590000	chr7	23660000	23990000	5.186656352301891e-15
chr7	24780000	24830000	chr7	25040000	25140000	2.2193038858593266e-05
chr7	35700000	35750000	chr7	35780000	35880000	0.0011476625155985157
chr7	38080000	38130000	chr7	38200000	38370000	0.00028794511543593225
chr7	44560000	44610000	chr7	44740000	44970000	2.2500668077848578e-17
chr7	56520000	56530000	chr7	57730000	57790000	0.0008101648900961535
chr7	57500000	57510000	chr7	57570000	57640000	4.6950544694471634e-08
chr7	62660000	62670000	chr7	62700000	62820000	3.4229680593095125e-20
chr7	73580000	73630000	chr7	73660000	73770000	9.94434254017651e-06
chr7	74040000	74110000	chr7	74130000	74250000	0.00048493580145962206
chr7	76150000	76200000	chr7	76230000	76340000	8.08185465348322e-05
chr7	76450000	76460000	chr7	76860000	76930000	3.3173663879341456e-06
chr7	76770000	76780000	chr7	76920000	76980000	0.09113296311669751
chr7	81470000	81520000	chr7	81950000	82090000	9.750595398335334e-12
chr7	85880000	85930000	chr7	86430000	86530000	0.005801138629474891
chr7	86900000	86950000	chr7	87130000	87280000	2.0349693685249943e-05
chr7	89600000	89710000	chr7	89710000	90520000	0.8222889722841685
chr7	90130000	90180000	chr7	90210000	90480000	3.8821868087836495e-08
chr7	98400000	98450000	chr7	98790000	98900000	2.468247685605722e-08
chr7	100870000	100920000	chr7	101050000	101150000	0.00036879174521539686
chr7	103280000	103330000	chr7	103340000	103450000	0.00010230994184014808
chr7	108160000	108210000	chr7	108420000	108520000	0.00046555268762259416
chr7	111730000	111780000	chr7	112460000	112560000	0.01974726741053572
chr7	120780000	120830000	chr7	120890000	120990000	0.0017829905112354838
chr7	134970000	135020000	chr7	135110000	135210000	0.00014257367203099905
chr7	137880000	137950000	chr7	137950000	138070000	0.05388580422282838
chr7	150760000	150810000	chr7	150950000	151060000	0.0017024776351486398
chr7	155580000	155630000	chr7	155720000	155820000	1.7589153822966352e-07
chr7	155780000	155830000	chr7	156770000	156880000	0.009650491875153534
chr7	156950000	157000000	chr7	157150000	157280000	0.03345991607622838
chr7	5460000	5560000	chr7	5670000	5720000	0.006546647911787335
chr7	7590000	7710000	chr7	8180000	8230000	0.001868882332456136
chr7	20120000	20230000	chr7	20290000	20340000	2.645974043750324e-13
chr7	22050000	22150000	chr7	22460000	22510000	2.0734465465902867e-08
chr7	23500000	23620000	chr7	23670000	23720000	3.1823272643250105e-18
chr7	24720000	24880000	chr7	25050000	25120000	3.7526622777862625e-11
chr7	28300000	28410000	chr7	28830000	28880000	0.0014063277845290942
chr7	35600000	35720000	chr7	35880000	35930000	1.1488770003558371e-08
chr7	36400000	36500000	chr7	37170000	37220000	0.009765514077243638
chr7	37190000	37280000	chr7	37340000	37370000	2.72798847704361e-10
chr7	37560000	37680000	chr7	37810000	37860000	0.0064234650393150405
chr7	38360000	38440000	chr7	38640000	38670000	0.0006065169796074505
chr7	39540000	39640000	chr7	39720000	39770000	1.5871111732846574e-11
chr7	47910000	48030000	chr7	48080000	48130000	4.6899697489661064e-14
chr7	55410000	55520000	chr7	55560000	55610000	0.021316945350021543
chr7	60930000	61060000	chr7	61730000	61760000	1.3764474374313182e-11
chr7	70790000	70890000	chr7	71710000	71760000	0.0015183990961775782
chr7	74360000	74770000	chr7	74860000	74890000	2.6731037252465553e-18
chr7	76450000	76560000	chr7	76580000	76630000	0.011315688947003709
chr7	90100000	90200000	chr7	90400000	90450000	0.008869606079219506
chr7	92780000	92900000	chr7	93030000	93080000	1.4489629273703588e-08
chr7	95460000	95580000	chr7	95660000	95710000	2.784038576760483e-10
chr7	99410000	99550000	chr7	99550000	99620000	0.6674579332494766
chr7	100860000	100970000	chr7	101030000	101080000	9.497265362909565e-10
chr7	101480000	101610000	chr7	102240000	102290000	0.00029018768215877924
chr7	102700000	102810000	chr7	103040000	103090000	3.17389227296297e-05
chr7	104640000	104810000	chr7	104810000	104920000	0.006514384854621727
chr7	116870000	117030000	chr7	117100000	117150000	1.7142630450399728e-22
chr7	121270000	121430000	chr7	121520000	121570000	7.836007283536118e-12
chr7	123610000	123710000	chr7	123850000	123900000	4.7060522959859194e-05
chr7	129280000	129400000	chr7	129450000	129500000	0.0001829813142671952
chr7	130850000	130990000	chr7	131010000	131060000	1.1956514263080489e-08
chr7	139560000	139670000	chr7	139980000	140030000	5.823009925906947e-07
chr7	142620000	142720000	chr7	142770000	142820000	0.0002972208998556685
chr7	142940000	143050000	chr7	143190000	143240000	0.007708868186457045
chr7	150250000	150390000	chr7	150400000	150450000	8.178933378070063e-18
chr8	6390000	6440000	chr8	6720000	6850000	1.98338328760873e-06
chr8	11740000	11770000	chr8	11900000	11980000	8.146954153164945e-05
chr8	12850000	12880000	chr8	12990000	13070000	3.704636357950564e-05
chr8	16750000	16800000	chr8	17110000	17220000	0.021505077541177798
chr8	17690000	17740000	chr8	17850000	17950000	1.3921218367191455e-05
chr8	21890000	21940000	chr8	22080000	22190000	0.024143786845182483
chr8	22410000	22460000	chr8	22500000	22620000	3.9512073924520866e-17
chr8	23450000	23500000	chr8	23640000	23760000	1.1636939487528802e-07
chr8	27310000	27360000	chr8	27370000	27490000	1.1821000500383505e-33
chr8	28330000	28380000	chr8	28390000	28490000	0.03102762424216332
chr8	28600000	28650000	chr8	28730000	28840000	0.0004864299498738625
chr8	29310000	29360000	chr8	29990000	30100000	0.01358933238168014
chr8	30160000	30230000	chr8	30540000	30660000	0.0026431157291634767
chr8	41690000	41720000	chr8	41790000	41870000	1.0468332194325903e-05
chr8	42130000	42180000	chr8	42300000	42430000	1.0833393595773442e-07
chr8	42670000	42700000	chr8	42780000	42860000	3.118031816122952e-05
chr8	64750000	64760000	chr8	64850000	64920000	0.07457754164463222
chr8	66420000	66470000	chr8	66610000	66710000	0.021580248682024326
chr8	69630000	69680000	chr8	69860000	70150000	4.975807291884141e-13
chr8	70120000	70170000	chr8	70510000	70610000	0.000564885501829019
chr8	71800000	71850000	chr8	71950000	72210000	1.1588700392926281e-12
chr8	80060000	80110000	chr8	80150000	80260000	5.903187519041966e-09
chr8	81230000	81280000	chr8	81580000	81680000	0.09528213399382851
chr8	85440000	85470000	chr8	85940000	86030000	0.003700550218255435
chr8	89980000	90010000	chr8	90580000	90670000	0.015913537396659506
chr8	100120000	100170000	chr8	100490000	100610000	3.3704506980499705e-06
chr8	101300000	101350000	chr8	102170000	102270000	0.011366139788000381
chr8	102650000	102680000	chr8	102750000	102830000	1.2375385677105978e-10
chr8	104490000	104540000	chr8	104660000	104790000	9.256691138219603e-06
chr8	108870000	108920000	chr8	109290000	109390000	5.5825215163788115e-05
chr8	109720000	109750000	chr8	110000000	110090000	0.00048687718955737954
chr8	125100000	125150000	chr8	125610000	125720000	0.004483089728091964
chr8	140810000	140860000	chr8	141120000	141230000	0.013751171412566779
chr8	143360000	143410000	chr8	143480000	143590000	0.36970633252608515
chr8	6560000	6660000	chr8	6750000	6800000	0.011882445562886815
chr8	8210000	8310000	chr8	8630000	8680000	2.7035948230150305e-05
chr8	8690000	8790000	chr8	8970000	9020000	0.01034314790806334
chr8	10520000	10620000	chr8	10800000	10850000	4.089046347247419e-06
chr8	11400000	11500000	chr8	11530000	11580000	0.015697243002857846
chr8	11530000	11610000	chr8	11730000	11760000	5.3061754470723946e-08
chr8	11880000	12060000	chr8	12280000	12370000	1.0725655033666604e-36
chr8	12680000	12760000	chr8	12810000	12840000	0.0017204551212258458
chr8	17540000	17640000	chr8	17670000	17720000	0.10165441811223531
chr8	22340000	22440000	chr8	22560000	22610000	0.0004868855233999976
chr8	22640000	22720000	chr8	22740000	22770000	4.4532300026932095e-10
chr8	23430000	23530000	chr8	23660000	23710000	0.002255066377241992
chr8	38080000	38240000	chr8	38370000	38420000	6.548993401792368e-07
chr8	38370000	38510000	chr8	38690000	38740000	1.2875394594534299e-13
chr8	39970000	40070000	chr8	40170000	40220000	4.41217633820309e-05
chr8	41920000	42040000	chr8	42130000	42180000	0.001933544748542633
chr8	42370000	42480000	chr8	42650000	42700000	1.9398875576109823e-08
chr8	57950000	58050000	chr8	58370000	58420000	0.0004319863147488442
chr8	60780000	60920000	chr8	60980000	61050000	0.06751458157839327
chr8	65710000	65830000	chr8	66010000	66060000	3.2691337480478313e-06
chr8	66000000	66110000	chr8	66400000	66450000	0.00011762206331509784
chr8	66410000	66490000	chr8	66590000	66620000	4.7624454423474265e-06
chr8	68010000	69800000	chr8	69800000	69910000	0.86530603671553
chr8	79980000	80100000	chr8	80220000	80270000	5.796746487670388e-06
chr8	80940000	81050000	chr8	81210000	81260000	3.3410461241212412e-06
chr8	86060000	86170000	chr8	86320000	86370000	7.922806082539847e-06
chr8	89670000	89780000	chr8	89960000	90010000	1.4357407246757418e-05
chr8	94550000	94650000	chr8	94680000	94730000	0.0027802486704269764
chr8	102530000	102670000	chr8	102790000	102840000	0.0005752327175407604
chr8	112710000	112810000	chr8	113420000	113470000	0.020597549679777113
chr8	115090000	115320000	chr8	115320000	115430000	0.03127099492537643
chr8	123740000	123840000	chr8	124420000	124470000	0.0010370135118930996
chr8	127140000	127240000	chr8	127280000	127330000	1.2320440850498694e-09
chr8	140400000	140510000	chr8	140610000	140660000	5.026044207846981e-06
chr8	143900000	144030000	chr8	144070000	144120000	5.6987251355631555e-11
chr9	4360000	4410000	chr9	4550000	4690000	0.00037068281440017533
chr9	5870000	5900000	chr9	6000000	6080000	0.000548701385950771
chr9	6560000	6610000	chr9	6680000	6790000	3.301597768814131e-05
chr9	21300000	21350000	chr9	21380000	21500000	1.3562216720816725e-06
chr9	27320000	27370000	chr9	27490000	27600000	9.194611848068595e-09
chr9	32360000	32390000	chr9	32540000	32620000	1.6435464019860746e-09
chr9	33060000	33110000	chr9	33180000	33290000	1.2431655146142296e-08
chr9	34890000	34920000	chr9	35050000	35130000	0.050368096247023576
chr9	36980000	37030000	chr9	37270000	37430000	1.612625863944916e-09
chr9	43010000	43020000	chr9	43050000	43170000	1.0212118190348094e-16
chr9	64460000	64470000	chr9	64760000	64820000	1.0439987867885516e-27
chr9	72020000	72070000	chr9	72200000	72320000	5.6238838514793974e-08
chr9	74750000	74800000	chr9	74980000	75120000	5.3788597152664415e-12
chr9	76790000	76840000	chr9	76940000	77040000	0.07804319461317687
chr9	83310000	83360000	chr9	83520000	83620000	0.0021360719124837464
chr9	83900000	83970000	chr9	84240000	84360000	0.007012665972998217
chr9	89560000	89610000	chr9	90150000	90250000	0.2988292871573961
chr9	92110000	92160000	chr9	92200000	92350000	2.476997664057761e-05
chr9	109870000	109920000	chr9	110070000	110200000	1.1913016163821584e-10
chr9	123520000	123570000	chr9	123970000	124070000	0.04295590175473971
chr9	124100000	124150000	chr9	124250000	124370000	1.2025933480889377e-07
chr9	126920000	126970000	chr9	127160000	127260000	5.5472939792299395e-05
chr9	127930000	127980000	chr9	128000000	128160000	6.460129878621019e-21
chr9	128630000	128720000	chr9	128720000	129410000	0.58531946730084
chr9	131730000	131780000	chr9	132190000	132320000	2.47183650586282e-10
chr9	136470000	136520000	chr9	136590000	136700000	2.1564708192954563e-07
chr9	136760000	136810000	chr9	136990000	137110000	6.264648136109502e-08
chr9	137280000	137350000	chr9	137360000	137490000	1.1765372257976417e-09
chr9	6010000	6110000	chr9	6290000	6340000	0.004917595281952815
chr9	27280000	27380000	chr9	27520000	27570000	0.00011411873285826251
chr9	28980000	30260000	chr9	30260000	30360000	0.23225760069258475
chr9	32340000	32440000	chr9	32550000	32600000	1.6094948719303176e-07
chr9	35730000	35820000	chr9	35870000	35900000	0.007068157600435613
chr9	36370000	36490000	chr9	36530000	36580000	2.52045365836931e-11
chr9	68490000	68590000	chr9	69000000	69050000	0.08548165712059776
chr9	88550000	88630000	chr9	88980000	89010000	0.012545625770686217
chr9	97360000	97510000	chr9	97580000	97630000	2.2705164296122036e-20
chr9	97660000	97740000	chr9	97890000	97920000	0.0030102010505721885
chr9	105100000	105220000	chr9	105390000	105440000	1.868023795721287e-06
chr9	111720000	111830000	chr9	112050000	112100000	3.422363350004169e-05
chr9	112040000	112160000	chr9	112330000	112380000	3.39983917840965e-14
chr9	114630000	114760000	chr9	114990000	115040000	4.1390300495590424e-11
chr9	121640000	121740000	chr9	121970000	122020000	0.1830044284479472
chr9	122060000	122170000	chr9	122330000	122380000	8.259408744576434e-05
chr9	122320000	122520000	chr9	122780000	122830000	1.6730361442616197e-07
chr9	126540000	126740000	chr9	126740000	126810000	4.866695131334186e-12
chr9	126870000	126970000	chr9	127180000	127230000	0.00011284011277543715
chr9	129080000	129200000	chr9	129590000	129640000	2.195979085759153e-22
chr9	130670000	130780000	chr9	130840000	130890000	2.9066885182492595e-06
chr9	131490000	131650000	chr9	131720000	131770000	2.2590068477608813e-11
chr9	133720000	133820000	chr9	133980000	134030000	4.2195701318623934e-05
chr9	134300000	134400000	chr9	134410000	134460000	0.03977116707876762
chr9	136460000	136570000	chr9	136600000	136650000	5.836482618934299e-08
chr9	137050000	137150000	chr9	137220000	137250000	2.520026761434507e-14
chr10	1230000	1240000	chr10	2550000	2610000	0.08491200757649107
chr10	2930000	2940000	chr10	2970000	3050000	0.005564336459205256
chr10	5420000	5470000	chr10	5580000	5690000	0.00036442890386186933
chr10	6400000	6450000	chr10	6610000	6750000	1.8196215860388901e-09
chr10	6900000	6950000	chr10	7380000	7480000	0.0684568234234202
chr10	11490000	11540000	chr10	11680000	11800000	1.4393767634663263e-17
chr10	17020000	17030000	chr10	17200000	17260000	0.00018296059655492996
chr10	17590000	17640000	chr10	17680000	17790000	1.3423660131947068e-13
chr10	21480000	21530000	chr10	21930000	22030000	0.030064008337107442
chr10	21980000	22030000	chr10	22230000	22330000	0.031086397814850578
chr10	23960000	24010000	chr10	24490000	24590000	0.060491281519865624
chr10	26310000	26360000	chr10	26530000	26630000	1.52230172774507e-05
chr10	30370000	30420000	chr10	30510000	30630000	4.956152116380604e-22
chr10	31830000	31880000	chr10	31950000	32080000	1.4571587869933837e-07
chr10	46150000	46160000	chr10	46390000	46460000	6.965631085797826e-13
chr10	49570000	49620000	chr10	50180000	50300000	0.00853892448181356
chr10	58930000	58980000	chr10	59160000	59290000	8.209283082965814e-15
chr10	62580000	62630000	chr10	62790000	62900000	3.446046828601312e-07
chr10	68990000	69060000	chr10	69060000	69170000	2.347135246654078e-09
chr10	69220000	69250000	chr10	69360000	69440000	2.2309257546756704e-09
chr10	70890000	70940000	chr10	71190000	71320000	8.413049035407747e-05
chr10	71290000	71340000	chr10	71550000	71650000	0.013242141616927739
chr10	73500000	73550000	chr10	73600000	73730000	5.080413452864612e-05
chr10	73880000	73910000	chr10	74050000	74140000	7.32114485396137e-11
chr10	74230000	74280000	chr10	75030000	75130000	0.0005410129462972138
chr10	86670000	86720000	chr10	86880000	86990000	1.014729087824668e-06
chr10	89240000	89290000	chr10	89360000	89460000	1.3535341619061107e-06
chr10	90860000	90930000	chr10	91230000	91350000	0.006595574153866221
chr10	92060000	92110000	chr10	92260000	92380000	1.5554101233366075e-05
chr10	93360000	93390000	chr10	93460000	93540000	7.056357560024288e-10
chr10	94600000	94650000	chr10	95190000	95290000	0.007143640960852166
chr10	97050000	97100000	chr10	97170000	97270000	0.00028859116523504504
chr10	99820000	99870000	chr10	100030000	100140000	0.005991144530911632
chr10	101580000	101610000	chr10	101740000	101820000	9.946189952788241e-05
chr10	101800000	101850000	chr10	102010000	102120000	5.5719182482319866e-08
chr10	103680000	103730000	chr10	103830000	103940000	0.008247099995123814
chr10	110290000	110340000	chr10	110510000	110630000	7.736010774761098e-28
chr10	119180000	119230000	chr10	119390000	119490000	0.0047734287547008085
chr10	124510000	124560000	chr10	124750000	124880000	0.00016125288491153483
chr10	131870000	131920000	chr10	131960000	132080000	7.06592295885806e-17
chr10	8970000	9070000	chr10	9460000	9470000	0.00012005814270884483
chr10	11440000	11550000	chr10	11720000	11770000	3.876599620470096e-09
chr10	13590000	13720000	chr10	13750000	13800000	9.590075515055943e-19
chr10	14490000	14600000	chr10	14800000	14850000	1.2048241502141836e-05
chr10	16800000	16910000	chr10	17220000	17270000	0.00016077953227576432
chr10	26650000	26770000	chr10	26850000	26900000	5.21221155876708e-35
chr10	27150000	27270000	chr10	27330000	27380000	0.0009267129580523949
chr10	28210000	28310000	chr10	28360000	28410000	0.00038509735684417323
chr10	32160000	32300000	chr10	32330000	32380000	1.263926499215831e-12
chr10	32750000	32860000	chr10	32980000	33030000	1.1081689216532966e-05
chr10	35050000	35170000	chr10	35170000	35240000	6.003259216231701e-10
chr10	43240000	43400000	chr10	43430000	43500000	4.536352284043269e-09
chr10	46470000	46590000	chr10	47940000	47990000	1.3353043628134804e-06
chr10	48500000	48600000	chr10	48620000	48670000	0.001098384192699839
chr10	67630000	67730000	chr10	67750000	67800000	0.009006923832844646
chr10	68960000	69060000	chr10	69070000	69120000	3.391115992871455e-10
chr10	69480000	69560000	chr10	69620000	69650000	1.5714290594792315e-09
chr10	70160000	70280000	chr10	70340000	70390000	2.6015269839011194e-10
chr10	72020000	72140000	chr10	72320000	72370000	1.6458713015135745e-05
chr10	84220000	84420000	chr10	84510000	84560000	0.0257791264662427
chr10	88880000	89020000	chr10	89200000	89250000	0.014923907341596605
chr10	94260000	94360000	chr10	94420000	94470000	0.0010093347100431848
chr10	95170000	95310000	chr10	95330000	95380000	6.201014846694826e-11
chr10	95350000	95430000	chr10	95580000	95610000	0.0001031948587612146
chr10	95630000	95750000	chr10	95830000	95880000	3.777539188683849e-12
chr10	97020000	97120000	chr10	97190000	97240000	4.920468807476425e-06
chr10	101820000	101930000	chr10	101970000	102020000	2.0546457442728214e-13
chr10	103030000	103110000	chr10	103230000	103260000	0.07050917130358925
chr10	103330000	103450000	chr10	103460000	103510000	0.0004692107538183955
chr10	103670000	103770000	chr10	103840000	103890000	7.837284676435522e-08
chr10	112090000	112190000	chr10	112290000	112340000	0.022481083057529723
chr10	116730000	116830000	chr10	117150000	117200000	0.002682780659220418
chr10	122240000	122360000	chr10	122410000	122460000	5.222468757769447e-07
chr10	122990000	123140000	chr10	123540000	123590000	0.0002090008222638178
chr10	123540000	123640000	chr10	123950000	124000000	6.206532969436631e-09
chr10	123950000	124060000	chr10	124370000	124420000	7.043739339479578e-15
chr10	128000000	128100000	chr10	128120000	128170000	0.0021175752190950156
chr10	132390000	132550000	chr10	132600000	132670000	4.1952715606266685e-06
chr11	10380000	10430000	chr11	10670000	10780000	2.372287797813696e-05
chr11	14280000	14330000	chr11	14350000	14500000	2.855296884412034e-10
chr11	16770000	16860000	chr11	16970000	17120000	0.1119362944332992
chr11	20110000	20160000	chr11	20310000	20410000	0.0013637454175238007
chr11	33150000	33180000	chr11	33290000	33370000	0.00015608260098432433
chr11	33330000	33380000	chr11	33670000	33790000	0.0001214743442926811
chr11	33840000	33890000	chr11	33910000	34020000	7.093509526933909e-20
chr11	35600000	35650000	chr11	35780000	35880000	0.002700438425705303
chr11	57310000	57360000	chr11	57630000	57730000	0.06892223007136442
chr11	59800000	59850000	chr11	60190000	60300000	0.0024741467198391228
chr11	60330000	60380000	chr11	60430000	60530000	2.5204539916622235e-07
chr11	63830000	63860000	chr11	63900000	63980000	1.3613884938489593e-05
chr11	65860000	65890000	chr11	65950000	66030000	5.532817059585502e-09
chr11	69080000	69130000	chr11	69600000	69700000	0.0002398362254410326
chr11	69900000	69950000	chr11	70140000	70240000	0.07186503397987498
chr11	73940000	73990000	chr11	74110000	74220000	0.03468504640931456
chr11	86000000	86070000	chr11	86160000	86320000	1.046564939480301e-18
chr11	92920000	92970000	chr11	93160000	93280000	0.0006906982261852371
chr11	94150000	94200000	chr11	94390000	94500000	0.0895367104926148
chr11	95120000	95190000	chr11	95680000	95800000	4.341593460047286e-05
chr11	100540000	100610000	chr11	100850000	100990000	0.06097412707906372
chr11	103660000	103710000	chr11	104100000	104200000	0.4528187138055407
chr11	107530000	107580000	chr11	107720000	107820000	0.05050362944833523
chr11	110180000	110230000	chr11	110350000	110470000	7.638184504173854e-12
chr11	111570000	111620000	chr11	111740000	111870000	7.072977116472979e-10
chr11	113280000	113330000	chr11	113500000	113600000	0.11313020080746763
chr11	117800000	117850000	chr11	117900000	118050000	1.08252359567798e-08
chr11	118360000	118390000	chr11	118490000	118580000	0.01627291705909652
chr11	120490000	120540000	chr11	120900000	121000000	0.0003616762904834616
chr11	121290000	121340000	chr11	121420000	121640000	6.21717638159621e-16
chr11	124390000	124440000	chr11	124540000	124650000	4.499689258720512e-05
chr11	124630000	124680000	chr11	124730000	124890000	2.317134451478693e-19
chr11	124940000	124990000	chr11	125080000	125190000	8.10458658281244e-08
chr11	125880000	125930000	chr11	126190000	126330000	0.0016624347360935533
chr11	129100000	129130000	chr11	129280000	129360000	0.0009562692942983889
chr11	130200000	130230000	chr11	130340000	130450000	2.576273155371734e-07
chr11	130410000	130460000	chr11	130800000	130940000	1.5646145914075558e-21
chr11	180000	300000	chr11	350000	380000	4.565309339655802e-12
chr11	150000	230000	chr11	500000	530000	0.014037943106101828
chr11	800000	920000	chr11	1030000	1080000	2.058333057738726e-13
chr11	2230000	2350000	chr11	2400000	2450000	2.0973563048584307e-08
chr11	3750000	3900000	chr11	4050000	4100000	8.497343769926333e-39
chr11	5140000	5240000	chr11	5350000	5400000	0.004914356890207921
chr11	9580000	9690000	chr11	10290000	10320000	0.020093340113864593
chr11	11960000	12090000	chr11	12240000	12310000	0.0005074510374735199
chr11	16880000	16990000	chr11	17040000	17090000	0.0026156275087724974
chr11	20350000	20430000	chr11	20590000	20620000	0.0033788240818703992
chr11	31980000	32090000	chr11	32150000	32200000	8.436735027296455e-08
chr11	33790000	33910000	chr11	33950000	34000000	1.1938299552766754e-17
chr11	36250000	36350000	chr11	36470000	36520000	1.5765371676172373e-06
chr11	46330000	46450000	chr11	46510000	46560000	5.0653119173825e-14
chr11	46820000	46940000	chr11	47140000	47190000	5.6824994260486295e-06
chr11	47860000	47990000	chr11	48080000	48130000	4.5569769021105475e-07
chr11	54840000	55620000	chr11	55620000	55720000	0.00047981971528061884
chr11	57750000	57860000	chr11	58490000	58540000	0.0008750835080377966
chr11	59490000	59580000	chr11	59660000	59690000	3.2054337874399895e-10
chr11	60070000	60170000	chr11	60220000	60270000	0.0022383487474699525
chr11	60290000	60400000	chr11	60450000	60500000	3.603065688913123e-15
chr11	61810000	61960000	chr11	62060000	62130000	1.4477168970286629e-06
chr11	62350000	62450000	chr11	62530000	62580000	0.0014669372689791057
chr11	63940000	64050000	chr11	64130000	64180000	3.3623990998134294e-09
chr11	65320000	65440000	chr11	65490000	65540000	8.44572845282615e-23
chr11	65810000	65930000	chr11	65960000	66010000	1.5104104972089082e-16
chr11	66660000	66750000	chr11	66810000	66840000	1.8241157217597478e-11
chr11	67320000	67460000	chr11	67460000	67530000	0.00030692844766047394
chr11	69000000	69130000	chr11	69630000	69680000	0.00011332435670813624
chr11	72800000	72900000	chr11	73150000	73200000	0.0047628185344289285
chr11	74390000	74490000	chr11	74540000	74590000	0.0165563998558846
chr11	75390000	75470000	chr11	75510000	75540000	1.9326680834136832e-11
chr11	76150000	76240000	chr11	76300000	76330000	3.964113173927072e-06
chr11	78320000	78470000	chr11	78540000	78590000	0.0003000345255411761
chr11	85920000	86020000	chr11	86260000	86310000	1.5690659036301498e-05
chr11	86890000	87030000	chr11	87270000	87320000	1.2382847228557514e-14
chr11	87960000	88090000	chr11	88530000	88580000	1.2587249668139839e-05
chr11	102260000	102380000	chr11	102580000	102630000	1.5903191770939584e-06
chr11	108080000	108190000	chr11	108630000	108680000	0.007357036912955557
chr11	109920000	110030000	chr11	110080000	110110000	2.3954744597389366e-20
chr11	111240000	111370000	chr11	111400000	111450000	3.1877226701691733e-22
chr11	116820000	116930000	chr11	117080000	117130000	1.0542334515452612e-08
chr11	117780000	118000000	chr11	118020000	118070000	1.358853773825008e-15
chr11	119600000	119700000	chr11	120090000	120140000	0.10069728282501782
chr11	120150000	120250000	chr11	120290000	120340000	0.001309051117781187
chr11	122570000	122670000	chr11	122750000	122800000	5.851670875832474e-05
chr11	123080000	123160000	chr11	123220000	123250000	1.8961286581954786e-06
chr11	125520000	125720000	chr11	125850000	125900000	5.887542653168665e-15
chr11	125870000	125970000	chr11	126170000	126220000	9.57869433873657e-06
chr11	129860000	129970000	chr11	130110000	130160000	0.0007710474347892978
chr11	133050000	133150000	chr11	133800000	133850000	0.00024713174745168886
chr12	1090000	1140000	chr12	1520000	1650000	8.619234132159031e-12
chr12	1610000	1680000	chr12	1930000	2070000	0.0006431896387164003
chr12	3280000	3330000	chr12	3760000	3870000	4.870126683793036e-10
chr12	11550000	11600000	chr12	11660000	11820000	4.190587542940477e-12
chr12	12340000	12390000	chr12	12640000	12770000	1.1337580697479196e-17
chr12	14220000	14270000	chr12	14400000	14510000	3.252194629737895e-07
chr12	15570000	15620000	chr12	15800000	15920000	2.9567590790209515e-12
chr12	20920000	20970000	chr12	21120000	21220000	0.032497076148035625
chr12	24960000	25010000	chr12	25060000	25170000	3.1069773400261488e-06
chr12	26080000	26130000	chr12	26480000	26620000	0.015081613603104825
chr12	27010000	27060000	chr12	27250000	27350000	0.00021143025352620616
chr12	27720000	27750000	chr12	27910000	27990000	0.00032567390149779304
chr12	29050000	29100000	chr12	29290000	29390000	0.006576443225026399
chr12	29510000	29560000	chr12	30770000	30870000	0.0834928263657052
chr12	30820000	30870000	chr12	31210000	31320000	0.01660140432448927
chr12	31640000	31690000	chr12	32250000	32390000	3.31677801000174e-15
chr12	40110000	40180000	chr12	40240000	40370000	1.3076201107945492e-05
chr12	45530000	45580000	chr12	45820000	45930000	0.4115049695162525
chr12	47700000	47750000	chr12	47800000	47900000	0.007232072502579012
chr12	49340000	49390000	chr12	49460000	49580000	1.1035335348852757e-12
chr12	50480000	50530000	chr12	50600000	50710000	2.0078546832672712e-10
chr12	56730000	56780000	chr12	56990000	57090000	0.00024499220104895193
chr12	63810000	63860000	chr12	64200000	64320000	1.2780062209045393e-06
chr12	68300000	68390000	chr12	68580000	68750000	0.00033960303082137964
chr12	69140000	69190000	chr12	69200000	69310000	5.744336462641651e-05
chr12	76600000	76650000	chr12	76940000	77040000	0.06705311576292113
chr12	82520000	82550000	chr12	82600000	82680000	0.0007432641953070488
chr12	84860000	84890000	chr12	84990000	85090000	6.184392121642518e-11
chr12	89000000	89050000	chr12	89450000	89580000	9.797489933213763e-08
chr12	91350000	91400000	chr12	92600000	92700000	0.045111713212182956
chr12	94100000	94150000	chr12	94480000	94600000	7.805035561707417e-05
chr12	95100000	95150000	chr12	95210000	95320000	0.05094772260363794
chr12	96030000	96080000	chr12	96170000	96280000	5.125868202613648e-05
chr12	101380000	101430000	chr12	101750000	101850000	0.000602969905129192
chr12	101910000	101960000	chr12	102730000	102830000	0.001240246765007428
chr12	106360000	106410000	chr12	106850000	106970000	0.00013844203915255063
chr12	113040000	113070000	chr12	113080000	113210000	1.3070950975313983e-10
chr12	117850000	117900000	chr12	118030000	118240000	1.6637143055885017e-09
chr12	121680000	121730000	chr12	121740000	121850000	3.2665368088405405e-16
chr12	122040000	122070000	chr12	122090000	122170000	4.116079652015478e-09
chr12	122630000	122660000	chr12	122710000	122800000	2.171987547685708e-11
chr12	124010000	124060000	chr12	124280000	124390000	9.547184581994062e-05
chr12	132390000	132440000	chr12	132490000	132640000	4.8613202572843785e-15
chr12	370000	500000	chr12	510000	560000	8.373354971075267e-14
chr12	1600000	1680000	chr12	1770000	1800000	2.329369906955023e-17
chr12	3030000	3140000	chr12	3250000	3300000	0.06823322836903241
chr12	4070000	4170000	chr12	4250000	4300000	7.620164853566759e-05
chr12	6880000	7030000	chr12	7080000	7130000	4.202403547159586e-11
chr12	8000000	8130000	chr12	8220000	8250000	6.143435137537927e-15
chr12	8840000	8970000	chr12	9020000	9070000	0.003295522711181493
chr12	11170000	11270000	chr12	11460000	11510000	0.00019862181597728838
chr12	11710000	11840000	chr12	12010000	12060000	0.09929453725692186
chr12	12870000	12980000	chr12	13190000	13240000	0.029352383520032808
chr12	14340000	14440000	chr12	14590000	14640000	0.014162171846765192
chr12	14690000	14790000	chr12	14970000	15020000	0.006248487737396498
chr12	15540000	15640000	chr12	15830000	15880000	0.0021637695974151805
chr12	24910000	25010000	chr12	25110000	25160000	1.165206747728956e-08
chr12	25120000	25260000	chr12	25370000	25420000	2.242489393663389e-06
chr12	26950000	27050000	chr12	27290000	27340000	0.06126037976591197
chr12	27330000	27480000	chr12	27620000	27710000	0.0034416088281629047
chr12	27690000	27800000	chr12	27920000	27970000	3.18835338258568e-05
chr12	32690000	32800000	chr12	34000000	34050000	1.1254678229313857e-09
chr12	47850000	48030000	chr12	48150000	48200000	2.575082880051546e-06
chr12	50130000	50210000	chr12	50300000	50330000	0.19389767734789567
chr12	54190000	54270000	chr12	54360000	54390000	4.369394201544843e-05
chr12	56180000	56340000	chr12	56440000	56490000	6.323785053904244e-08
chr12	57720000	57840000	chr12	57900000	57950000	6.634268681971793e-10
chr12	59370000	59470000	chr12	59800000	59850000	0.00011658330057419363
chr12	65500000	65970000	chr12	66070000	66120000	7.582106100949311e-09
chr12	66080000	66160000	chr12	66390000	66420000	0.009312251353465095
chr12	71580000	71680000	chr12	71720000	71770000	0.00044976736998055255
chr12	75460000	75580000	chr12	76010000	76060000	6.255488096813263e-10
chr12	77670000	77780000	chr12	77900000	77950000	2.78170161949076e-10
chr12	92340000	92520000	chr12	92540000	92590000	1.0212913031057059e-18
chr12	92940000	93080000	chr12	93370000	93420000	2.366668316438923e-22
chr12	93420000	93550000	chr12	94080000	94130000	3.029418224413568e-08
chr12	96010000	96110000	chr12	96180000	96230000	0.00033847491085684667
chr12	96160000	96320000	chr12	96470000	96540000	3.498656617659524e-05
chr12	103820000	103920000	chr12	104080000	104130000	0.035945989015245206
chr12	105130000	105320000	chr12	105360000	105410000	3.524634029474192e-05
chr12	107630000	107790000	chr12	107860000	107910000	3.892970284602907e-20
chr12	110410000	110550000	chr12	110570000	110640000	4.6208121788665494e-10
chr12	110870000	110970000	chr12	111280000	111330000	0.0002201673476479054
chr12	111650000	111750000	chr12	111780000	111830000	7.214216952828334e-05
chr12	112030000	112270000	chr12	112370000	112420000	2.8983362493727296e-06
chr12	118080000	118230000	chr12	118350000	118400000	2.3117032821289703e-11
chr12	122540000	122650000	chr12	122740000	122770000	0.00038481911382441474
chr12	122800000	122910000	chr12	122920000	122970000	1.0127658672243436e-15
chr13	16700000	16710000	chr13	17280000	17340000	5.928481958916101e-10
chr13	27350000	27420000	chr13	27740000	27890000	1.0745495264439147e-07
chr13	45020000	45070000	chr13	45260000	45360000	8.407238671827643e-06
chr13	75670000	75720000	chr13	75800000	75900000	0.003836578286507512
chr13	79390000	79440000	chr13	79490000	79590000	0.0012290312593107057
chr13	95180000	95230000	chr13	95300000	95430000	5.477609424976231e-05
chr13	97080000	97150000	chr13	97300000	97420000	0.002283649004786062
chr13	98430000	98480000	chr13	98590000	98710000	6.034693449448616e-10
chr13	99440000	99470000	chr13	99600000	99690000	0.14490822103234594
chr13	101500000	101550000	chr13	101690000	101790000	0.000409560391513572
chr13	110200000	110250000	chr13	110390000	110500000	7.725325825329619e-06
chr13	23400000	23530000	chr13	23860000	23910000	1.6783490850317076e-06
chr13	23960000	24090000	chr13	24200000	24250000	0.0002031804816287991
chr13	33150000	33250000	chr13	33520000	33570000	0.013978974511203496
chr13	48250000	48350000	chr13	48560000	48610000	0.00020141125741700302
chr13	61320000	61380000	chr13	61940000	61950000	3.823336345038615e-05
chr13	77530000	77630000	chr13	77720000	77770000	0.014319472019054707
chr13	77730000	77830000	chr13	78100000	78150000	0.003476181938313825
chr13	95130000	95230000	chr13	95370000	95420000	6.196208274423523e-06
chr14	20300000	20350000	chr14	20600000	20700000	0.002286071454601736
chr14	22370000	22400000	chr14	22460000	22610000	3.805254396331197e-32
chr14	32050000	32100000	chr14	32180000	32300000	1.2335089900306593e-09
chr14	34320000	34350000	chr14	34480000	34560000	0.0030541012108973664
chr14	35850000	35900000	chr14	36020000	36120000	0.04051403370594502
chr14	49840000	49890000	chr14	50040000	50160000	5.59359890101575e-05
chr14	52280000	52330000	chr14	52410000	52530000	7.367253614650611e-07
chr14	52790000	52840000	chr14	52980000	53090000	0.005531723821210025
chr14	60330000	60360000	chr14	60530000	60610000	0.011217637754276135
chr14	61440000	61490000	chr14	61710000	61890000	1.9939095223514734e-10
chr14	67400000	67450000	chr14	67520000	67620000	0.0011631085928265643
chr14	67580000	67610000	chr14	67660000	67740000	2.8829894329397876e-05
chr14	67920000	67970000	chr14	68770000	68870000	0.0032083435009672
chr14	69580000	69630000	chr14	69660000	69780000	3.5278471280089793e-25
chr14	72490000	72540000	chr14	72860000	72990000	1.6799380630928587e-10
chr14	73720000	73770000	chr14	73780000	73900000	6.17431478273217e-12
chr14	74100000	74130000	chr14	74210000	74310000	1.267328539990518e-07
chr14	75290000	75340000	chr14	75410000	75600000	1.1884876695515366e-09
chr14	84120000	84130000	chr14	85860000	85920000	0.0018796508021346216
chr14	89010000	89060000	chr14	89860000	89960000	0.0005695979973730085
chr14	90880000	90930000	chr14	91120000	91230000	5.738944674935694e-08
chr14	96550000	96600000	chr14	96710000	96810000	0.002761343183350576
chr14	105530000	105580000	chr14	105800000	105910000	0.0003682708170924221
chr14	18510000	18620000	chr14	19850000	19860000	3.366871011878541e-16
chr14	24150000	24370000	chr14	24410000	24460000	5.8564059187154165e-15
chr14	24680000	24780000	chr14	25120000	25170000	0.024110414017150614
chr14	35080000	35210000	chr14	35390000	35440000	4.3736767277791076e-09
chr14	44860000	44970000	chr14	45230000	45280000	6.621882244062908e-06
chr14	49560000	49660000	chr14	49820000	49870000	0.0008661088297424558
chr14	49800000	49920000	chr14	50080000	50130000	5.64851294324183e-14
chr14	50270000	50380000	chr14	50500000	50550000	1.9388434722462721e-07
chr14	60290000	60390000	chr14	60540000	60590000	0.001644950674689352
chr14	60580000	60700000	chr14	61000000	61050000	4.7650649734236603e-07
chr14	61830000	61950000	chr14	62110000	62160000	3.9974910765706024e-05
chr14	67360000	67460000	chr14	67550000	67600000	0.0002769322763044536
chr14	68160000	68300000	chr14	68790000	68840000	7.750926482847711e-09
chr14	69210000	69310000	chr14	69440000	69490000	3.9559045216595997e-07
chr14	73150000	73310000	chr14	73450000	73500000	1.6743889223193464e-11
chr14	75070000	75180000	chr14	75280000	75330000	0.00018536599065667724
chr14	76860000	76980000	chr14	77030000	77080000	1.6764684089850373e-19
chr14	80900000	81000000	chr14	81160000	81210000	0.012208325873493873
chr14	81170000	81290000	chr14	81440000	81490000	4.0429328090977465e-06
chr14	93200000	93330000	chr14	93520000	93570000	0.001050891826363027
chr14	96250000	96360000	chr14	96390000	96440000	4.1475602273430435e-11
chr14	102030000	102140000	chr14	102280000	102330000	0.03317798447068069
chr15	31190000	31240000	chr15	31300000	31510000	1.9596290729405878e-08
chr15	31980000	32010000	chr15	32370000	32450000	0.011882045961613324
chr15	36860000	36910000	chr15	37070000	37180000	2.840752687994206e-08
chr15	39760000	39810000	chr15	39960000	40060000	0.14030098470331048
chr15	40020000	40070000	chr15	40130000	40230000	1.4823117597359632e-06
chr15	41970000	42020000	chr15	42030000	42170000	1.1516641122760896e-11
chr15	51620000	51670000	chr15	51740000	51840000	1.0673114428428171e-07
chr15	51960000	52010000	chr15	52060000	52190000	4.598235773429695e-10
chr15	55620000	55670000	chr15	55760000	55870000	8.697320516316297e-05
chr15	58950000	59000000	chr15	59450000	59550000	0.0006538902375248348
chr15	66580000	66630000	chr15	66790000	66910000	3.414760887853921e-05
chr15	66920000	66970000	chr15	67260000	67360000	0.008140299874941097
chr15	74610000	74660000	chr15	74740000	74880000	3.826267965530348e-10
chr15	75010000	75060000	chr15	75160000	75280000	2.1567611398936628e-17
chr15	78100000	78130000	chr15	78180000	78290000	1.7519385926048596e-13
chr15	78300000	78350000	chr15	78370000	78480000	0.0004744255111672838
chr15	81260000	81310000	chr15	81330000	81430000	0.00011412347081122795
chr15	89330000	89380000	chr15	89420000	89540000	0.13669262661689738
chr15	89880000	89930000	chr15	90020000	90120000	0.0020309040401019053
chr15	91040000	91090000	chr15	91180000	91300000	1.2746140023163283e-13
chr15	92780000	92830000	chr15	92870000	93050000	4.119701672956973e-41
chr15	99250000	99300000	chr15	99670000	99810000	2.085508802896465e-20
chr15	101270000	101320000	chr15	101610000	101730000	3.4491932328316038e-06
chr15	34030000	34120000	chr15	34200000	34230000	2.039841152879219e-08
chr15	36830000	36930000	chr15	37090000	37140000	0.0007310590217126884
chr15	38390000	38560000	chr15	38670000	38720000	3.221044384991455e-37
chr15	45380000	45500000	chr15	45590000	45640000	1.6632642943456223e-09
chr15	51120000	51290000	chr15	51360000	51410000	0.00018581051340410011
chr15	57290000	57390000	chr15	57510000	57560000	6.399893788914971e-06
chr15	60470000	60670000	chr15	60890000	60940000	8.350947421078312e-24
chr15	61820000	61920000	chr15	62040000	62090000	1.4919869372502427e-07
chr15	63730000	63810000	chr15	63880000	63910000	0.0836785923867911
chr15	63570000	63770000	chr15	64050000	64100000	7.374202898295652e-10
chr15	65610000	65770000	chr15	65810000	65860000	6.167526929777548e-08
chr15	66270000	66410000	chr15	66470000	66520000	2.0753397741223808e-07
chr15	71710000	71840000	chr15	72140000	72190000	1.18184214936134e-10
chr15	74750000	74840000	chr15	74930000	74960000	0.00176509530218461
chr15	89860000	90020000	chr15	90040000	90090000	6.778872586587596e-05
chr15	94120000	94240000	chr15	94290000	94340000	9.992197065565055e-12
chr15	98730000	98910000	chr15	99050000	99100000	0.00021328937941007454
chr15	100890000	101150000	chr15	101240000	101290000	1.9669019635345824e-35
chr16	10930000	10980000	chr16	11300000	11430000	0.0013706906587093066
chr16	11370000	11420000	chr16	11640000	11740000	0.000340333609112296
chr16	11930000	11960000	chr16	12030000	12110000	3.594678851411956e-08
chr16	13900000	13950000	chr16	14220000	14350000	0.000491501475189768
chr16	14280000	14330000	chr16	14460000	14570000	1.304896327019265e-06
chr16	19880000	19930000	chr16	20310000	20440000	7.681908060700051e-05
chr16	26600000	26700000	chr16	26700000	27100000	0.9155624216017211
chr16	30420000	30450000	chr16	30480000	30650000	2.5250064433303985e-20
chr16	46660000	46690000	chr16	46800000	46940000	5.334306865429061e-07
chr16	50650000	50700000	chr16	50730000	50830000	0.0008404276120381927
chr16	53030000	53080000	chr16	53190000	53330000	5.181607179908942e-07
chr16	57280000	57330000	chr16	57380000	57480000	0.00018431298674700096
chr16	57550000	57600000	chr16	57650000	57780000	0.019067290529280554
chr16	67250000	67280000	chr16	67400000	67500000	2.5283888555771726e-07
chr16	77650000	77700000	chr16	77940000	78040000	2.0397344865988308e-06
chr16	80510000	80560000	chr16	80790000	80890000	0.00022075941765858678
chr16	81360000	81410000	chr16	81670000	81770000	2.5694675112462915e-06
chr16	85090000	85140000	chr16	85240000	85350000	0.06423189823654335
chr16	85790000	85840000	chr16	85960000	86070000	2.809500658459102e-08
chr16	86530000	86580000	chr16	87250000	87430000	8.886464831225751e-05
chr16	87760000	87810000	chr16	87830000	87960000	2.58434507186088e-16
chr16	20000	150000	chr16	340000	390000	2.5588760469669993e-08
chr16	640000	750000	chr16	770000	820000	8.345742728781125e-07
chr16	1970000	2080000	chr16	2100000	2150000	1.4876917495680508e-10
chr16	2960000	3090000	chr16	3090000	3180000	1.7294258979543573e-06
chr16	3100000	3240000	chr16	3430000	3520000	0.0036654779155557396
chr16	3660000	3830000	chr16	3840000	3890000	5.016923897217802e-07
chr16	10190000	10590000	chr16	10710000	10760000	2.8237163583192935e-16
chr16	12510000	12620000	chr16	12790000	12840000	0.09053003638874324
chr16	20780000	20870000	chr16	21070000	21100000	2.0984794062460582e-05
chr16	23120000	23230000	chr16	23410000	23460000	2.3801719769540627e-09
chr16	23750000	23870000	chr16	24000000	24050000	5.537992992318177e-10
chr16	27120000	27260000	chr16	27410000	27480000	7.11326573160406e-10
chr16	30630000	30780000	chr16	30900000	30950000	0.019291608629138896
chr16	30910000	31030000	chr16	31860000	31890000	9.946611268992554e-06
chr16	34580000	34780000	chr16	34890000	34980000	5.91309125004867e-40
chr16	35060000	35160000	chr16	35510000	35520000	2.6110345625181945e-14
chr16	48180000	48290000	chr16	48600000	48650000	1.378501164845597e-05
chr16	56480000	56610000	chr16	56680000	56730000	7.303969451725784e-07
chr16	59500000	62530000	chr16	62530000	62630000	0.3378027433754468
chr16	64290000	64370000	chr16	66250000	66260000	0.09274591242961763
chr16	67460000	67600000	chr16	67630000	67680000	1.652503674387189e-27
chr16	67820000	67970000	chr16	68020000	68070000	6.999260178025526e-05
chr16	68660000	68760000	chr16	68770000	68820000	1.2180784869928839e-06
chr16	75160000	75280000	chr16	75370000	75420000	7.049605981229964e-27
chr16	75340000	75690000	chr16	75740000	75790000	4.391687166392867e-12
chr16	81290000	81420000	chr16	81700000	81750000	4.1241507167304395e-06
chr16	84550000	84680000	chr16	84700000	84750000	1.7518142305536131e-15
chr16	85390000	85490000	chr16	85590000	85640000	0.000129551581133331
chr16	88670000	88910000	chr16	89150000	89240000	1.9567237556123661e-13
chr16	89960000	90100000	chr16	90170000	90240000	3.964800952486589e-11
chr19	1270000	1320000	chr19	1330000	1470000	2.4298933680551697e-25
chr19	2460000	2490000	chr19	2550000	2660000	5.320422805252229e-36
chr19	2940000	2990000	chr19	3050000	3230000	2.579835703142354e-22
chr19	3300000	3350000	chr19	3410000	3530000	1.2052636474672485e-24
chr19	3650000	3740000	chr19	3740000	3980000	0.13340601264511143
chr19	7540000	7650000	chr19	7650000	7860000	0.8750814892607942
chr19	10690000	10740000	chr19	10800000	10900000	0.0003088029485157375
chr19	13590000	13620000	chr19	13810000	13900000	6.979917545970553e-06
chr19	14190000	14240000	chr19	14280000	14380000	1.0662569542803114e-05
chr19	16190000	16260000	chr19	16370000	16510000	0.00021501268041520903
chr19	17050000	17100000	chr19	17150000	17340000	4.091690966711849e-23
chr19	17680000	17730000	chr19	17760000	17870000	0.033092094854284326
chr19	19190000	19200000	chr19	19850000	19910000	0.025405212709247064
chr19	20770000	20780000	chr19	21310000	21380000	0.010281834431845771
chr19	29600000	29610000	chr19	29680000	29740000	2.7195966859742e-23
chr19	30650000	30700000	chr19	32200000	32300000	0.0017586562192934685
chr19	35330000	35380000	chr19	35420000	35530000	6.048685155967906e-14
chr19	37870000	37920000	chr19	38050000	38400000	1.4303736606713285e-32
chr19	38220000	38250000	chr19	38300000	38400000	1.1507887462230507e-13
chr19	38510000	38580000	chr19	38590000	38720000	0.0012600056305726109
chr19	39530000	39580000	chr19	39620000	39720000	0.00043782740314430175
chr19	40620000	40670000	chr19	40840000	41010000	0.007960660478222224
chr19	41450000	41460000	chr19	41500000	41590000	2.960501992870235e-28
chr19	42440000	42490000	chr19	42490000	42590000	5.827228831492832e-17
chr19	47910000	47980000	chr19	48250000	48370000	0.08340795840525889
chr19	50340000	50390000	chr19	50420000	50540000	3.7428232768516675e-12
chr19	55500000	55550000	chr19	55560000	55660000	6.812276977085424e-06
chr19	56060000	56110000	chr19	56120000	56240000	1.5300771562144936e-11
chr19	710000	940000	chr19	970000	1020000	1.1565698874370965e-27
chr19	2370000	2480000	chr19	2610000	2660000	3.783941420063598e-05
chr19	7620000	7740000	chr19	7770000	7820000	1.310798096100839e-16
chr19	8080000	8210000	chr19	8220000	8290000	1.3443315156322123e-07
chr19	10210000	10330000	chr19	10370000	10420000	7.408746965936267e-13
chr19	11470000	11570000	chr19	11580000	11590000	2.8542863854472817e-25
chr19	13080000	13220000	chr19	13250000	13280000	1.009210081434228e-12
chr19	13650000	13750000	chr19	13850000	13880000	0.00016627143692418217
chr19	13850000	13960000	chr19	14030000	14080000	8.058211837502288e-11
chr19	14130000	14210000	chr19	14330000	14360000	1.2823288140841575e-06
chr19	14520000	14640000	chr19	14660000	14710000	2.5131185843995276e-23
chr19	16010000	16100000	chr19	16170000	16200000	8.161304275375844e-19
chr19	16170000	16270000	chr19	16380000	16430000	1.0556313836916783e-11
chr19	19260000	19390000	chr19	19480000	19530000	2.5671560373636937e-05
chr19	32320000	32460000	chr19	32550000	32600000	0.46618863319332304
chr19	35250000	35380000	chr19	35460000	35510000	2.909584233286349e-11
chr19	40610000	40730000	chr19	40790000	40840000	1.7519814857286965e-15
chr19	45450000	45560000	chr19	45640000	45690000	0.014348224650370146
chr19	46680000	46800000	chr19	46810000	46860000	9.021399257927123e-14
chr19	47380000	47480000	chr19	47690000	47740000	0.0004344881599176274
chr19	48230000	48560000	chr19	48560000	48630000	1.2582524384390107e-18
chr19	48740000	48880000	chr19	48950000	49000000	6.191221863714565e-07
chr19	49440000	49600000	chr19	49620000	49710000	0.00018288537859195375
chr19	50460000	50560000	chr19	50760000	50810000	0.00030616874796803945
chr19	51370000	51480000	chr19	51640000	51690000	6.332283392583545e-06
chr19	54070000	54190000	chr19	54420000	54470000	1.6601202956791834e-05
chr20	780000	830000	chr20	920000	1020000	0.00035066913884393663
chr20	1300000	1330000	chr20	1380000	1480000	1.598924941911586e-07
chr20	5510000	5560000	chr20	5770000	6030000	1.0277548120267448e-10
chr20	9390000	9420000	chr20	9570000	9650000	1.9832926660092275e-07
chr20	22320000	22370000	chr20	22580000	22720000	2.4974890205246904e-07
chr20	28830000	28860000	chr20	29140000	29230000	5.214605779193435e-65
chr20	31810000	31860000	chr20	31960000	32140000	3.18273525352036e-08
chr20	32510000	32540000	chr20	32610000	32690000	0.002242977380605173
chr20	35280000	35310000	chr20	35410000	35490000	9.386338652607739e-05
chr20	35960000	36010000	chr20	36100000	36230000	1.0479901869414292e-09
chr20	37250000	37300000	chr20	37350000	37450000	5.797702398282585e-10
chr20	38050000	38100000	chr20	38130000	38240000	1.1262616612748638e-10
chr20	38620000	38690000	chr20	38880000	39000000	0.01857495276592177
chr20	40950000	41000000	chr20	41030000	41180000	1.3038330631523929e-20
chr20	43720000	43770000	chr20	44010000	44110000	9.860151410489443e-05
chr20	49580000	49630000	chr20	49830000	49930000	9.713958642600394e-06
chr20	49960000	49990000	chr20	50040000	50120000	6.393241806324658e-12
chr20	50160000	50210000	chr20	50420000	50530000	3.2019717342203755e-11
chr20	50790000	50820000	chr20	50900000	50980000	3.628516262592433e-11
chr20	50950000	51000000	chr20	51300000	51410000	0.015854892313690354
chr20	51360000	51410000	chr20	51540000	51660000	1.3508724347842173e-12
chr20	53550000	53600000	chr20	53880000	54000000	6.133394256896095e-10
chr20	57070000	57120000	chr20	57290000	57390000	0.017328613567446572
chr20	58210000	58260000	chr20	58650000	58750000	0.11418142843909788
chr20	58860000	58910000	chr20	58960000	59110000	2.195237289865317e-17
chr20	300000	410000	chr20	620000	670000	0.001368342222221554
chr20	1930000	2040000	chr20	2150000	2200000	8.087338542672129e-06
chr20	5500000	5650000	chr20	5750000	5800000	8.767910703954491e-47
chr20	19670000	19850000	chr20	19960000	20030000	0.02792935072533498
chr20	20320000	20430000	chr20	20540000	20590000	0.0008650312182784107
chr20	25210000	25340000	chr20	25370000	25420000	8.213308316079183e-09
chr20	33410000	33520000	chr20	33630000	33680000	9.936225136300239e-06
chr20	35250000	35360000	chr20	35420000	35470000	0.0008292739663363879
chr20	36120000	36260000	chr20	36420000	36470000	1.208275260661115e-06
chr20	37160000	37280000	chr20	37510000	37560000	2.2423669123033342e-08
chr20	38700000	38820000	chr20	38870000	38940000	4.7927707756631246e-05
chr20	41090000	41210000	chr20	41310000	41360000	4.5692232545449404e-06
chr20	43640000	43760000	chr20	44060000	44130000	0.05034994206156717
chr20	44640000	44790000	chr20	44840000	44890000	8.707755707649834e-15
chr20	45300000	45400000	chr20	45410000	45460000	6.381165277082966e-16
chr20	47160000	47260000	chr20	47370000	47420000	0.0020069996951556034
chr20	47160000	47340000	chr20	47610000	47660000	1.7842539843035546e-08
chr20	47610000	47710000	chr20	48600000	48650000	0.010303292063982115
chr20	48620000	48740000	chr20	48880000	48930000	2.0984693599499786e-14
chr20	54050000	54260000	chr20	54620000	54670000	8.781677918580029e-05
chr20	59010000	59110000	chr20	59200000	59250000	0.0021891113209896846
chr20	62590000	62670000	chr20	62780000	62810000	0.00024110441551054428
chr21	22050000	22060000	chr21	23470000	23540000	0.009994586373802593
chr21	36110000	36160000	chr21	36330000	36440000	0.0018575619438820858
chr21	42130000	42180000	chr21	42240000	42360000	2.4447625696531445e-06
chr21	43790000	43840000	chr21	43910000	44030000	6.591784654226832e-09
chr21	44090000	44100000	chr21	44190000	44290000	2.3839160792567233e-32
chr21	8800000	8880000	chr21	10320000	10350000	5.628215291107362e-31
chr21	20420000	21270000	chr21	21270000	21370000	0.26248930894564
chr21	25360000	25510000	chr21	25550000	25600000	6.689080345343263e-16
chr21	38110000	38220000	chr21	38330000	38380000	4.2218839769841016e-08
chr21	42820000	42910000	chr21	43210000	43220000	0.00012474513927636285
chr22	10760000	10790000	chr22	11000000	11090000	1.2569029773904155e-63
chr22	15490000	15500000	chr22	15520000	15630000	2.8544864964193262e-15
chr22	17170000	17220000	chr22	17350000	17520000	9.770797585356518e-06
chr22	19720000	19750000	chr22	19880000	19970000	1.869439266867181e-08
chr22	29390000	29420000	chr22	29500000	29580000	0.004640364922866255
chr22	30260000	30310000	chr22	30350000	30450000	0.0016771719306606584
chr22	33280000	33330000	chr22	33480000	33610000	0.009670476066331195
chr22	35330000	35380000	chr22	35500000	35640000	1.5242078280803945e-05
chr22	40910000	40960000	chr22	41160000	41270000	0.06263954140617022
chr22	41380000	41430000	chr22	41470000	41580000	1.0423914758547162e-17
chr22	41680000	41730000	chr22	41840000	41950000	0.21123575778091838
chr22	41940000	41990000	chr22	42060000	42200000	1.6104669382264687e-11
chr22	42610000	42660000	chr22	42800000	42910000	0.006846595435967466
chr22	45630000	45680000	chr22	45790000	45910000	8.713458757832636e-08
chr22	45970000	46060000	chr22	46060000	46200000	2.4051122538235876e-05
chr22	46550000	46600000	chr22	46690000	46850000	4.195296686783365e-08
chr22	18870000	18940000	chr22	19480000	19490000	7.434149500779078e-10
chr22	19450000	19550000	chr22	19600000	19650000	0.0005479106322683873
chr22	22050000	22190000	chr22	22910000	22980000	0.005301752133573538
chr22	23720000	23810000	chr22	23830000	23860000	8.068379532945537e-14
chr22	24220000	24420000	chr22	24490000	24580000	1.3933916471988655e-06
chr22	22570000	22760000	chr22	24640000	24650000	3.0200256590970194e-68
chr22	25750000	25860000	chr22	26310000	26360000	0.057122992929638544
chr22	26340000	26560000	chr22	26630000	26680000	1.2689132255201103e-17
chr22	28790000	28910000	chr22	29020000	29090000	0.0034949401148967663
chr22	36240000	36370000	chr22	36450000	36500000	2.0312272248033517e-11
chr22	37020000	37110000	chr22	37180000	37210000	1.9673564230161925e-08
chr22	38910000	39040000	chr22	39100000	39150000	9.93673321987314e-11
chr22	39120000	39220000	chr22	39290000	39320000	4.5565077385833374e-21
chr22	39470000	39600000	chr22	40010000	40060000	6.690931531819563e-11
chr22	40390000	40540000	chr22	40620000	40670000	5.512220035968767e-10
chr22	43200000	43300000	chr22	43340000	43390000	0.00013171499374336966
chr22	46300000	46400000	chr22	46530000	46580000	0.0018738352408953706
chrX	1640000	1690000	chrX	2560000	2660000	0.0010443518763030854
chrX	31020000	31070000	chrX	31230000	31330000	0.012138968170720294
chrX	37910000	37940000	chrX	38140000	38220000	0.0012958394828392408
chrX	110140000	110190000	chrX	110370000	110470000	0.00010520121067109678
chrX	147000000	147010000	chrX	147660000	147740000	0.016173740125789884
chrX	154980000	155010000	chrX	155030000	155110000	1.2263005056873717e-06
chrX	1590000	1690000	chrX	2580000	2630000	6.094586642840547e-05
chrX	3930000	3990000	chrX	5110000	5120000	0.0006876887267342841
chrX	7100000	7200000	chrX	7900000	7950000	0.21908542867124256
chrX	12920000	13010000	chrX	13070000	13100000	2.5102477623621405e-19
chrX	20180000	20290000	chrX	20410000	20460000	1.859561215748105e-05
chrX	47780000	47880000	chrX	48000000	48050000	0.00016719623124635143
chrX	56750000	56840000	chrX	56960000	56990000	8.473603032194544e-09
chrX	58030000	58400000	chrX	58500000	58550000	5.156867077267232e-26
chrX	89320000	91670000	chrX	91670000	91780000	0.7957627661220125
chrX	103800000	103950000	chrX	103970000	104060000	0.011572222304931762
chrX	109620000	109730000	chrX	109850000	109900000	0.00036435865676222746
chrX	120820000	120900000	chrX	120980000	121010000	1.7987666849206484e-17
