#chr1	x1	x2	chr2	y1	y2	P_val
chr4	2200000	2250000	chr4	2400000	2510000	0.008553775646528077
chr4	2740000	2790000	chr4	2890000	2990000	0.0015867515481277586
chr4	8460000	8510000	chr4	8540000	8640000	0.1137651091140622
chr4	21760000	21810000	chr4	22340000	22440000	0.003957611899759933
chr4	22770000	22780000	chr4	23320000	23380000	0.17799621964714163
chr4	38870000	38920000	chr4	39100000	39210000	0.00047622762560154476
chr4	59080000	59090000	chr4	59430000	59490000	0.0009605245867950146
chr4	86900000	86950000	chr4	87010000	87170000	3.002532714267074e-20
chr4	95930000	95940000	chr4	96360000	96420000	0.0014731242952061151
chr4	96090000	96100000	chr4	96140000	96200000	0.02753676599483058
chr4	109400000	109450000	chr4	109760000	109870000	0.0005223386599784062
chr4	109990000	110040000	chr4	110280000	110380000	0.0014510240738253293
chr4	110810000	110910000	chr4	110910000	111350000	0.785651574803139
chr4	112310000	112360000	chr4	112490000	112600000	1.8910850472088657e-06
chr4	126830000	126940000	chr4	126940000	127540000	0.785651574803139
chr4	145210000	145260000	chr4	145530000	145640000	0.0031323455112196924
chr4	164750000	164800000	chr4	164950000	165080000	0.000983598398048008
chr4	173000000	173050000	chr4	173220000	173340000	8.619063458468419e-08
chr4	6690000	6790000	chr4	6850000	6900000	1.9870874336321556e-05
chr4	8180000	8290000	chr4	8380000	8430000	0.013847847276556328
chr4	9680000	9800000	chr4	10000000	10050000	8.614675433745413e-05
chr4	12690000	12880000	chr4	13520000	13590000	0.0004587023975037887
chr4	22360000	22460000	chr4	22660000	22710000	0.03534117697073062
chr4	26410000	26510000	chr4	26990000	27040000	0.06773017317373002
chr4	27450000	27960000	chr4	27960000	28070000	0.20771927983716604
chr4	40070000	40240000	chr4	40290000	40340000	1.5207714664318185e-09
chr4	40900000	41020000	chr4	41190000	41240000	1.9281042641363482e-10
chr4	48100000	48220000	chr4	48250000	48300000	2.430959129777722e-10
chr4	49070000	49120000	chr4	49120000	49150000	4.2428839022021245e-24
chr4	53870000	53970000	chr4	54200000	54250000	0.000670751039738323
chr4	67060000	67130000	chr4	67800000	67810000	0.0010749775650085193
chr4	77340000	77440000	chr4	77580000	77630000	0.004040301675805811
chr4	81390000	81490000	chr4	81820000	81870000	0.0017878817914094573
chr4	83010000	83120000	chr4	83250000	83300000	2.10405488055808e-11
chr4	88160000	88270000	chr4	88490000	88540000	0.00021678858029033408
chr4	94360000	94470000	chr4	94570000	94620000	1.146638980219913e-06
chr4	110520000	111300000	chr4	111300000	111390000	0.5883779720947747
chr4	122690000	122810000	chr4	122890000	122940000	4.0219571120630996e-07
chr4	129530000	130640000	chr4	130640000	130740000	0.723164443009261
chr4	147630000	147760000	chr4	147840000	147890000	9.796445054674755e-11
chr4	182890000	182990000	chr4	183230000	183280000	0.029205796624986693
chr5	10420000	10470000	chr5	10620000	10720000	0.17989999192880957
chr5	28340000	28350000	chr5	28720000	28780000	0.061989296504784415
chr5	29300000	29310000	chr5	30110000	30170000	0.0007290198631738305
chr5	41840000	41890000	chr5	41930000	42090000	1.0322516267460736e-05
chr5	54490000	54540000	chr5	54820000	54920000	0.004303539720938618
chr5	56250000	56300000	chr5	56810000	56910000	0.007928900494507715
chr5	56880000	56930000	chr5	57180000	57280000	0.017054277147311243
chr5	59790000	59840000	chr5	60600000	60720000	0.0027210027019762563
chr5	62200000	62250000	chr5	62290000	62440000	1.0331371642003152e-19
chr5	73570000	73620000	chr5	73750000	73860000	1.5124126951493607e-07
chr5	80070000	80120000	chr5	80250000	80360000	1.3895840038539716e-13
chr5	98900000	98930000	chr5	99010000	99090000	3.9079848742519186e-16
chr5	126320000	126370000	chr5	126470000	126600000	3.1197944453994263e-12
chr5	126640000	126690000	chr5	126760000	126870000	8.94993331638277e-11
chr5	132360000	132430000	chr5	132450000	132610000	2.8786387226029687e-11
chr5	139390000	139440000	chr5	139480000	139710000	1.0252586730351491e-14
chr5	141390000	141440000	chr5	141500000	141600000	8.839297328618932e-07
chr5	148720000	148770000	chr5	148950000	149060000	5.7451289218724846e-05
chr5	149620000	149670000	chr5	149790000	149910000	8.239559490697555e-10
chr5	154440000	154490000	chr5	154530000	154660000	3.1620062134801135e-14
chr5	170200000	170270000	chr5	170330000	170460000	3.3961660408690736e-07
chr5	171900000	171950000	chr5	171970000	172090000	2.316688343743895e-14
chr5	172450000	172500000	chr5	172640000	172740000	1.5821592050386123e-05
chr5	172690000	172740000	chr5	172890000	173000000	2.0398519973931055e-11
chr5	172950000	173000000	chr5	173130000	173290000	1.4926453239049342e-07
chr5	173590000	173640000	chr5	173920000	174030000	1.0101639509664005e-05
chr5	176640000	176690000	chr5	176880000	176990000	0.0048922245873558225
chr5	1100000	1240000	chr5	1620000	1670000	1.2330741804111437e-06
chr5	5090000	5190000	chr5	5380000	5430000	0.04513799300587675
chr5	14660000	14760000	chr5	14990000	15040000	1.044119627434998e-05
chr5	19310000	19370000	chr5	20310000	20320000	7.752708831927764e-07
chr5	31770000	31870000	chr5	32060000	32110000	0.00045583216468862817
chr5	32330000	32530000	chr5	32580000	32630000	2.2332623377275354e-28
chr5	34440000	34540000	chr5	34880000	34930000	0.0006354382900125477
chr5	35620000	35800000	chr5	35900000	35950000	4.909517127464124e-08
chr5	46260000	46360000	chr5	47290000	47320000	8.852798224472875e-09
chr5	54850000	54950000	chr5	55130000	55180000	0.042408246283413116
chr5	64590000	64670000	chr5	64770000	64800000	1.151379014252375e-07
chr5	72330000	72440000	chr5	72500000	72550000	9.715628318905729e-10
chr5	73850000	73960000	chr5	74630000	74680000	0.00042909141703957826
chr5	96710000	96820000	chr5	97140000	97190000	0.000355132352028939
chr5	103170000	103270000	chr5	103450000	103500000	1.9395465133793525e-06
chr5	111460000	111580000	chr5	112130000	112180000	0.028241862371021
chr5	123250000	123400000	chr5	123590000	123640000	0.0024645809021242144
chr5	131110000	131240000	chr5	131370000	131420000	2.1439810079654944e-07
chr5	132350000	132450000	chr5	132470000	132520000	1.899752249231074e-13
chr5	134270000	134400000	chr5	134560000	134610000	7.475515753810985e-06
chr5	137990000	138090000	chr5	138120000	138170000	0.0357823194937676
chr5	139750000	139830000	chr5	139950000	139980000	0.014560158170501625
chr5	140030000	140110000	chr5	140130000	140160000	2.3011129980703666e-09
chr5	140200000	140300000	chr5	140320000	140370000	1.1308614912750946e-09
chr5	143330000	143430000	chr5	143800000	143850000	0.14544529755560784
chr5	146510000	146610000	chr5	146940000	146990000	0.01684398563822657
chr5	149610000	149690000	chr5	149820000	149850000	4.8296849904156115e-11
chr5	149780000	149890000	chr5	149960000	150010000	0.0005285189143325942
chr5	158020000	158320000	chr5	159100000	159150000	3.10975003137842e-19
chr5	173990000	174100000	chr5	174290000	174340000	4.199773839838211e-06
chr6	1580000	1630000	chr6	2150000	2260000	0.34067031975988443
chr6	3720000	3770000	chr6	3930000	4040000	0.00023130470173042097
chr6	9770000	9780000	chr6	10120000	10180000	0.11042176534202781
chr6	10460000	10510000	chr6	10750000	10860000	2.028251703874945e-06
chr6	15660000	15710000	chr6	16120000	16240000	1.7912747843060888e-06
chr6	25240000	25290000	chr6	25460000	25590000	5.862245579755614e-12
chr6	26020000	26070000	chr6	26100000	26320000	1.4587716228509085e-13
chr6	26310000	26340000	chr6	26510000	26600000	4.990324796870497e-15
chr6	29830000	29880000	chr6	29970000	30070000	4.794902582081411e-07
chr6	30450000	30500000	chr6	30540000	30680000	3.851690873569223e-06
chr6	32400000	32470000	chr6	32650000	32800000	1.8369932526078945e-08
chr6	32970000	33040000	chr6	33070000	33280000	2.529429937028858e-13
chr6	36590000	36640000	chr6	36670000	36820000	2.8173837746588707e-25
chr6	37010000	37060000	chr6	37140000	37250000	1.3073871512030266e-20
chr6	39330000	39380000	chr6	39840000	39960000	0.00017876162572983466
chr6	51840000	51890000	chr6	51910000	52050000	9.63106265066395e-06
chr6	53140000	53190000	chr6	53420000	53520000	8.280776461334185e-05
chr6	55440000	55470000	chr6	55850000	55930000	0.05435852228883518
chr6	56340000	56390000	chr6	56530000	56640000	7.833843065278249e-08
chr6	63570000	63620000	chr6	63720000	63830000	1.215175928451736e-05
chr6	88960000	89010000	chr6	89250000	89410000	0.0009235513635015982
chr6	99440000	99510000	chr6	99700000	99820000	0.2458409906488325
chr6	105070000	105120000	chr6	105350000	105470000	5.144105939019133e-06
chr6	108520000	108570000	chr6	108740000	108920000	1.3076491932316074e-13
chr6	110500000	110550000	chr6	110930000	111040000	0.008293055816659484
chr6	111680000	111730000	chr6	111980000	112080000	9.06181294991944e-09
chr6	112160000	112210000	chr6	112290000	112390000	0.009137501121161058
chr6	116250000	116300000	chr6	116490000	116600000	3.140301668394644e-11
chr6	125760000	125810000	chr6	125920000	126020000	0.011635999797937023
chr6	130860000	130910000	chr6	131060000	131180000	2.590133331168827e-05
chr6	132260000	132310000	chr6	132460000	132560000	9.672650697611749e-06
chr6	132500000	132550000	chr6	132730000	132840000	0.0008222005967698677
chr6	134140000	134190000	chr6	134590000	134690000	6.547551994936626e-05
chr6	137070000	137120000	chr6	137160000	137340000	4.578150983969752e-22
chr6	137680000	137730000	chr6	137870000	138020000	3.5415753305006215e-09
chr6	138400000	138450000	chr6	138520000	138620000	0.023667326495416845
chr6	145960000	146070000	chr6	146070000	148120000	0.9369627814788852
chr6	150030000	150100000	chr6	150330000	150450000	0.13901006602958857
chr6	154130000	154180000	chr6	154270000	154410000	0.0005495948136590409
chr6	155300000	155350000	chr6	155480000	155590000	0.00015936408014164273
chr6	157730000	157780000	chr6	157840000	157940000	0.04459299785058457
chr6	158200000	158250000	chr6	158480000	158650000	3.6878810246342977e-06
chr6	140000	240000	chr6	380000	430000	1.2396675999548837e-05
chr6	3230000	3330000	chr6	3710000	3760000	0.024883509846069584
chr6	6640000	6750000	chr6	7230000	7280000	0.015308144760100926
chr6	10430000	10530000	chr6	10780000	10830000	0.00013588045280610447
chr6	10880000	10990000	chr6	11040000	11090000	4.205583551933424e-05
chr6	32380000	32500000	chr6	32660000	32730000	7.815314288797492e-07
chr6	34170000	34300000	chr6	34380000	34430000	1.6492458905293232e-11
chr6	35250000	35370000	chr6	35430000	35480000	1.9588673798966818e-16
chr6	35500000	35650000	chr6	35720000	35770000	1.1692161322913317e-25
chr6	36960000	37080000	chr6	37170000	37220000	3.6043042314485946e-18
chr6	37720000	37820000	chr6	37990000	38040000	0.00900838492519732
chr6	41770000	41920000	chr6	42010000	42060000	3.1506802855300016e-05
chr6	42200000	42300000	chr6	42520000	42570000	0.0012761584268018774
chr6	43170000	43270000	chr6	43480000	43530000	0.2362011202392548
chr6	43640000	43800000	chr6	44060000	44110000	8.306875470987245e-05
chr6	52350000	52450000	chr6	52640000	52690000	0.002348214009846962
chr6	56580000	56710000	chr6	56840000	56890000	0.0009648706517149393
chr6	56850000	56960000	chr6	57290000	57340000	0.00040638675264043637
chr6	73360000	73510000	chr6	73600000	73670000	3.8531663080075966e-07
chr6	75270000	75370000	chr6	75490000	75540000	0.0034152595280194354
chr6	79900000	80000000	chr6	80060000	80110000	3.299437504759023e-05
chr6	87670000	87730000	chr6	87790000	87800000	9.58431803909762e-05
chr6	89350000	89460000	chr6	89590000	89640000	6.948259427614777e-06
chr6	92060000	92120000	chr6	92720000	92730000	0.050657250263982954
chr6	96500000	96620000	chr6	97030000	97080000	0.008764000208889936
chr6	100080000	100180000	chr6	100440000	100490000	0.03672463634553612
chr6	106410000	106500000	chr6	106550000	106580000	3.301224398943655e-09
chr6	106530000	106640000	chr6	106960000	107010000	7.038084159113149e-05
chr6	111650000	111780000	chr6	111980000	112050000	8.098737869510762e-07
chr6	116200000	116320000	chr6	116520000	116590000	5.326632579081658e-05
chr6	122670000	122780000	chr6	122820000	122870000	5.405451933552608e-05
chr6	127440000	127500000	chr6	127840000	127850000	9.431791762276808e-05
chr6	129540000	129660000	chr6	129720000	129770000	6.684956646288648e-08
chr6	129690000	129790000	chr6	129990000	130040000	0.33749218088561617
chr6	134110000	134210000	chr6	134610000	134660000	0.003246592457476601
chr6	136600000	136710000	chr6	136760000	136810000	6.617571674203391e-06
chr6	137200000	137330000	chr6	137620000	137670000	0.0017015987247307423
chr6	158630000	158790000	chr6	158950000	159000000	1.0172345611246265e-10
chr6	160830000	160940000	chr6	161350000	161400000	0.0009872795397985138
chr6	165820000	165940000	chr6	166070000	166120000	0.00010596789060742728
chr6	166220000	166350000	chr6	166370000	166420000	2.505632851145339e-19
chr6	166900000	167000000	chr6	167130000	167180000	0.004330381403804674
chr7	310000	340000	chr7	730000	820000	1.7042623432042562e-07
chr7	2220000	2270000	chr7	2290000	2400000	1.0782305299188556e-06
chr7	13420000	13430000	chr7	14390000	14460000	0.06424440335996782
chr7	14910000	14920000	chr7	15970000	16030000	0.04886141233453404
chr7	18330000	18380000	chr7	18630000	18730000	0.004255963369297415
chr7	21230000	21280000	chr7	21520000	21620000	0.006138182047240817
chr7	23540000	23590000	chr7	23660000	23980000	3.918793069654631e-15
chr7	35690000	35740000	chr7	35790000	35910000	3.680584536572649e-05
chr7	38080000	38130000	chr7	38280000	38380000	0.005134283725247825
chr7	39550000	39600000	chr7	39730000	39830000	0.035754313875128695
chr7	39970000	40020000	chr7	40500000	40600000	1.7883565354662976e-07
chr7	74790000	74860000	chr7	75070000	75190000	3.5018130746689563e-12
chr7	77110000	77140000	chr7	77210000	77300000	2.791417455614152e-05
chr7	81470000	81520000	chr7	81950000	82090000	2.0273047992229818e-09
chr7	86900000	86950000	chr7	87110000	87240000	0.1247642825307721
chr7	88530000	88580000	chr7	88740000	88870000	0.3161664646737984
chr7	90130000	90180000	chr7	90220000	90350000	1.045555752585768e-09
chr7	98400000	98450000	chr7	98800000	98900000	8.8767503546649e-09
chr7	100440000	100510000	chr7	100510000	100640000	4.497385504256935e-07
chr7	100870000	100920000	chr7	101040000	101140000	0.00096795208657429
chr7	105730000	105780000	chr7	105960000	106060000	0.1682356740968942
chr7	106760000	106810000	chr7	107100000	107200000	0.0032164188560619817
chr7	108160000	108210000	chr7	108400000	108520000	0.0003183488527567661
chr7	111730000	111780000	chr7	112420000	112560000	0.0003237832097350173
chr7	134970000	135020000	chr7	135100000	135200000	1.2998827165650319e-05
chr7	135260000	135310000	chr7	135580000	135690000	0.05784610120081112
chr7	137890000	137960000	chr7	137960000	138080000	2.785427803784386e-07
chr7	148100000	148110000	chr7	148170000	148230000	0.0071942679119355365
chr7	155580000	155630000	chr7	155710000	155820000	6.12521407838074e-12
chr7	156950000	157000000	chr7	157150000	157250000	0.4182928591412798
chr7	5460000	5560000	chr7	5670000	5720000	0.0669870664505528
chr7	7580000	7700000	chr7	8180000	8230000	0.017733637881388806
chr7	9590000	9650000	chr7	9930000	9940000	0.0028245062423434687
chr7	10880000	10940000	chr7	11210000	11220000	0.04687892527355258
chr7	20120000	20240000	chr7	20290000	20340000	4.575326511531934e-13
chr7	22060000	22170000	chr7	22460000	22510000	2.9792994620077277e-13
chr7	23510000	23630000	chr7	23670000	23720000	5.024129902638102e-14
chr7	24750000	24880000	chr7	25040000	25110000	1.591785777775562e-05
chr7	26330000	26410000	chr7	26650000	26680000	0.00035211781386508415
chr7	28360000	28440000	chr7	28610000	28640000	0.0024975828634258034
chr7	35600000	35700000	chr7	35880000	35930000	0.0003013779386148051
chr7	36400000	36500000	chr7	37170000	37220000	0.005251591707053237
chr7	37590000	37720000	chr7	37800000	37850000	2.1687795025861424e-06
chr7	39540000	39640000	chr7	39720000	39770000	5.052825298580626e-07
chr7	44800000	44920000	chr7	45100000	45150000	0.0006586257608971406
chr7	47910000	48040000	chr7	48080000	48130000	3.376697037439183e-17
chr7	63360000	63500000	chr7	64080000	64090000	3.1317664899003416e-16
chr7	70790000	70890000	chr7	71700000	71750000	0.0003133878077873409
chr7	74380000	74770000	chr7	74850000	74900000	5.358157708555619e-10
chr7	80260000	80320000	chr7	80950000	80960000	9.08577838600338e-06
chr7	88290000	88350000	chr7	89000000	89010000	0.021753478788774223
chr7	90210000	90330000	chr7	90400000	90450000	0.00035783210655390197
chr7	92530000	92630000	chr7	93030000	93080000	0.01331182855878883
chr7	93380000	93440000	chr7	95040000	95050000	0.0011043689185729988
chr7	95460000	95570000	chr7	95670000	95720000	0.0025349999559716578
chr7	97080000	97200000	chr7	97800000	97870000	0.04680911887928381
chr7	98360000	98480000	chr7	98810000	98880000	0.002812611824406495
chr7	100850000	100990000	chr7	101020000	101090000	1.3521444836151961e-09
chr7	101480000	101640000	chr7	102230000	102300000	1.4075719372636306e-09
chr7	106140000	106220000	chr7	106450000	106480000	7.475808292584282e-05
chr7	116880000	117010000	chr7	117100000	117150000	9.979537803339075e-14
chr7	120760000	120880000	chr7	120920000	120990000	0.004312116964477496
chr7	121290000	121430000	chr7	121520000	121570000	2.4508334045391524e-13
chr7	130850000	130990000	chr7	131010000	131060000	5.338441155423992e-07
chr7	142940000	143070000	chr7	143190000	143240000	1.7342008465749303e-07
chr7	148450000	148560000	chr7	148940000	148990000	0.029281755891392126
chr7	150250000	150390000	chr7	150400000	150450000	5.201501418668986e-16
chr8	3150000	3250000	chr8	3250000	3870000	0.3298978631716925
chr8	6390000	6440000	chr8	6730000	6840000	0.003094184756340274
chr8	11740000	11770000	chr8	11900000	11980000	4.08319985489567e-05
chr8	22400000	22450000	chr8	22510000	22640000	3.0400150219269023e-18
chr8	23450000	23500000	chr8	23650000	23760000	7.18958141476635e-05
chr8	27310000	27360000	chr8	27370000	27490000	8.570617854028202e-20
chr8	28330000	28380000	chr8	28410000	28530000	1.9174601298564833e-05
chr8	28600000	28650000	chr8	28740000	28850000	0.006955720234257198
chr8	41680000	41730000	chr8	41780000	41880000	0.0002232542288168364
chr8	42140000	42190000	chr8	42290000	42440000	7.32446705640103e-24
chr8	66420000	66470000	chr8	66610000	66720000	0.0004277494560901483
chr8	69630000	69680000	chr8	69900000	70010000	0.002455820920124573
chr8	71800000	71850000	chr8	71960000	72210000	1.2217948273053886e-11
chr8	80060000	80110000	chr8	80160000	80260000	5.412453866420375e-07
chr8	89690000	89740000	chr8	89980000	90080000	0.00020738570973487125
chr8	97570000	97620000	chr8	97640000	97760000	4.8482096716098124e-05
chr8	100120000	100170000	chr8	100510000	100620000	5.58837543104765e-05
chr8	101300000	101350000	chr8	102170000	102280000	0.005029479284023463
chr8	104490000	104540000	chr8	104670000	104800000	1.0803963982629738e-06
chr8	109320000	109370000	chr8	109630000	109740000	0.0036503825612296038
chr8	125100000	125150000	chr8	125610000	125720000	0.012429737216049919
chr8	10520000	10610000	chr8	10810000	10840000	8.907947364149138e-07
chr8	24160000	24270000	chr8	24390000	24440000	0.00045335307507276136
chr8	33410000	33490000	chr8	33570000	33600000	0.012621633849688594
chr8	38060000	38210000	chr8	38370000	38420000	0.00034977977063281737
chr8	38370000	38490000	chr8	38690000	38740000	5.791874039821896e-10
chr8	42370000	42450000	chr8	42660000	42690000	2.722651418932399e-07
chr8	42640000	42750000	chr8	42790000	42840000	0.00012091229945368899
chr8	60810000	60930000	chr8	60990000	61040000	0.0003421452186892249
chr8	79670000	79780000	chr8	80000000	80030000	0.0025643719003184584
chr8	79990000	80100000	chr8	80220000	80270000	0.0015543331012114092
chr8	86040000	86150000	chr8	86330000	86380000	0.0007705026997344233
chr8	89680000	89780000	chr8	89970000	90020000	0.0022685554840576974
chr8	93630000	93740000	chr8	93940000	93990000	0.00012564819853423285
chr8	100100000	100200000	chr8	100530000	100580000	0.006901500959413819
chr8	127150000	127250000	chr8	127270000	127320000	1.3456876391981683e-06
chr8	140390000	140520000	chr8	140620000	140670000	1.5958048154466818e-06
chr8	143910000	144010000	chr8	144080000	144110000	4.932776875868099e-07
chr9	6560000	6610000	chr9	6670000	6790000	3.165441878832715e-06
chr9	21300000	21350000	chr9	21380000	21490000	1.662619181385209e-11
chr9	21790000	21840000	chr9	21980000	22150000	9.458711255499688e-13
chr9	25270000	25340000	chr9	25340000	25820000	2.9121385647152586e-13
chr9	32360000	32410000	chr9	32530000	32650000	7.208037583916534e-10
chr9	34890000	34920000	chr9	35010000	35090000	0.001147462628367933
chr9	36980000	37030000	chr9	37290000	37430000	1.1037809866921558e-07
chr9	41080000	41110000	chr9	42350000	42460000	0.028074464391770894
chr9	42230000	42280000	chr9	42280000	42500000	9.564914493359474e-272
chr9	68560000	68610000	chr9	68960000	69060000	0.04562559814649609
chr9	71790000	71840000	chr9	71970000	72070000	0.00015518291607531846
chr9	74750000	74800000	chr9	74990000	75130000	9.174407456025784e-10
chr9	76440000	76490000	chr9	76600000	76720000	0.0004785966697064735
chr9	83310000	83360000	chr9	83530000	83630000	0.09116228876274786
chr9	94650000	94700000	chr9	95100000	95200000	0.09146853577171053
chr9	97690000	97740000	chr9	97850000	97960000	3.394454990406145e-05
chr9	104740000	104790000	chr9	105420000	105540000	0.0010387525847680365
chr9	109870000	109920000	chr9	110080000	110210000	9.438390247471818e-07
chr9	112070000	112120000	chr9	112330000	112440000	0.0022153459123621174
chr9	113420000	113470000	chr9	113580000	113680000	0.01441183270900391
chr9	121210000	121220000	chr9	121290000	121400000	0.0006281974235935606
chr9	124100000	124150000	chr9	124240000	124360000	1.9941514571992463e-08
chr9	127190000	127240000	chr9	127380000	127480000	0.013561512811820147
chr9	127930000	127980000	chr9	128010000	128150000	3.836165774047185e-12
chr9	134160000	134190000	chr9	134400000	134490000	3.6520180661945593e-10
chr9	136480000	136510000	chr9	136600000	136680000	3.394999764679476e-12
chr9	136760000	136810000	chr9	136990000	137110000	3.3179198641389745e-06
chr9	9920000	10090000	chr9	10410000	10480000	2.192995927871184e-05
chr9	24850000	25260000	chr9	25260000	25330000	3.7220698369542577e-51
chr9	27280000	27380000	chr9	27520000	27570000	0.00015364313685851632
chr9	32340000	32440000	chr9	32550000	32600000	0.0013105769400286148
chr9	32520000	32620000	chr9	32950000	33000000	0.00014585926357164346
chr9	36370000	36500000	chr9	36530000	36580000	4.994891599415081e-18
chr9	38600000	38730000	chr9	39520000	39590000	0.011620163397443232
chr9	40860000	41000000	chr9	42230000	42300000	0.6339520049951828
chr9	93990000	94100000	chr9	94190000	94240000	9.333356812502122e-08
chr9	97360000	97490000	chr9	97590000	97640000	1.6898911671043662e-13
chr9	101780000	101850000	chr9	102900000	102910000	0.007107197460843487
chr9	105110000	105230000	chr9	105390000	105440000	3.696560707791837e-05
chr9	111710000	111820000	chr9	112060000	112110000	0.0001642902481346323
chr9	112050000	112150000	chr9	112330000	112380000	1.6408174798159076e-07
chr9	114630000	114750000	chr9	114990000	115040000	1.7819785499634476e-07
chr9	122060000	122160000	chr9	122330000	122380000	1.377731631407316e-06
chr9	122370000	122520000	chr9	122780000	122830000	2.4625629012393697e-05
chr9	123040000	123140000	chr9	123320000	123370000	0.02005822590851255
chr9	126520000	126740000	chr9	126740000	126810000	2.2403040203944837e-12
chr9	126880000	127000000	chr9	127180000	127230000	6.35716595849869e-16
chr9	129080000	129200000	chr9	129590000	129640000	2.8122899059165376e-26
chr9	129890000	129990000	chr9	130020000	130070000	0.004324121770185099
chr9	130380000	130500000	chr9	130650000	130700000	8.600636210819242e-08
chr9	131480000	131670000	chr9	131720000	131770000	1.8439925619754528e-26
chr9	131710000	131820000	chr9	132210000	132260000	3.5426343494090375e-08
chr9	132990000	133090000	chr9	133130000	133180000	0.0013537183155319374
chr9	133710000	133820000	chr9	133980000	134030000	1.3205514993837588e-07
chr9	136470000	136580000	chr9	136590000	136640000	3.1022810390208624e-09
chr10	11490000	11540000	chr10	11670000	11800000	3.943806055732126e-19
chr10	17600000	17650000	chr10	17680000	17790000	1.3314547509181884e-10
chr10	21980000	22030000	chr10	22240000	22350000	0.04034549204233818
chr10	23300000	23350000	chr10	23460000	23560000	0.013431742557806986
chr10	30370000	30420000	chr10	30510000	30630000	1.333957201268544e-22
chr10	31830000	31880000	chr10	31930000	32080000	0.0005629290566330306
chr10	58930000	58980000	chr10	59160000	59280000	6.114663287660302e-09
chr10	62580000	62630000	chr10	62780000	62880000	6.480272956186363e-05
chr10	67840000	67890000	chr10	68110000	68220000	5.194824829345352e-06
chr10	68980000	69050000	chr10	69050000	69180000	3.470178415553446e-09
chr10	69220000	69250000	chr10	69360000	69440000	1.9115228957339333e-10
chr10	70890000	70940000	chr10	71200000	71320000	8.950844133112293e-06
chr10	73510000	73560000	chr10	73580000	73710000	2.0003870104313477e-08
chr10	74230000	74280000	chr10	75000000	75130000	1.0019893129995093e-09
chr10	77140000	77190000	chr10	77630000	77790000	0.0064986341684967865
chr10	86670000	86720000	chr10	86870000	86980000	6.008617120472515e-08
chr10	89240000	89290000	chr10	89360000	89460000	1.1915280816043997e-05
chr10	90860000	90930000	chr10	91230000	91350000	0.013360970516261315
chr10	92060000	92110000	chr10	92270000	92380000	0.00036505304897359775
chr10	93050000	93120000	chr10	93260000	93400000	1.2236164366122373e-06
chr10	93360000	93390000	chr10	93460000	93540000	1.9430949055658088e-10
chr10	96000000	96050000	chr10	96290000	96390000	0.0034200830927244553
chr10	97050000	97100000	chr10	97160000	97260000	9.503790668764728e-06
chr10	103680000	103730000	chr10	103820000	103950000	1.7474982381525293e-07
chr10	110290000	110340000	chr10	110510000	110640000	4.429211072476918e-22
chr10	119180000	119230000	chr10	119390000	119500000	9.462587410225532e-05
chr10	120920000	120970000	chr10	121680000	121780000	0.006565443431731957
chr10	123970000	124020000	chr10	124350000	124470000	1.2731424360634279e-06
chr10	124510000	124560000	chr10	124720000	124890000	2.3366379339486113e-06
chr10	131860000	131910000	chr10	131970000	132080000	3.1352966970500095e-08
chr10	6070000	6180000	chr10	6380000	6430000	0.044125699399059554
chr10	13600000	13720000	chr10	13750000	13800000	2.7682675260417377e-13
chr10	14480000	14610000	chr10	14800000	14850000	3.5493842574470464e-06
chr10	16800000	17030000	chr10	17230000	17280000	9.203941446842627e-08
chr10	22490000	22610000	chr10	22960000	23010000	1.2974200561120029e-05
chr10	26650000	26780000	chr10	26840000	26890000	5.80141571756661e-26
chr10	27170000	27290000	chr10	27330000	27380000	0.012475671026811921
chr10	28180000	28310000	chr10	28360000	28410000	1.832906453823043e-06
chr10	32160000	32310000	chr10	32330000	32380000	9.245236534220099e-12
chr10	43250000	43380000	chr10	43440000	43490000	5.404970736184511e-11
chr10	46490000	46600000	chr10	47740000	47770000	4.556002450239993e-34
chr10	46460000	46570000	chr10	47890000	47920000	1.1106939599013368e-33
chr10	62580000	62680000	chr10	62790000	62840000	1.1419069956022384e-06
chr10	64600000	65910000	chr10	65910000	66010000	0.18130633774300128
chr10	67610000	67710000	chr10	67750000	67800000	0.0031435677779073578
chr10	68950000	69050000	chr10	69080000	69130000	2.275726368236586e-10
chr10	70170000	70290000	chr10	70340000	70390000	1.1009530827478337e-12
chr10	72020000	72140000	chr10	72320000	72370000	0.000731070641903245
chr10	86650000	86740000	chr10	86880000	86910000	0.00017049765922498583
chr10	88880000	89030000	chr10	89200000	89250000	4.76823426567822e-05
chr10	90860000	90960000	chr10	91230000	91280000	1.1730763558430525e-06
chr10	91710000	91830000	chr10	91860000	91930000	0.16947770189587358
chr10	95160000	95310000	chr10	95330000	95380000	3.030490807438065e-18
chr10	95340000	95450000	chr10	95580000	95630000	4.858636136442086e-06
chr10	95630000	95740000	chr10	95830000	95880000	2.0169063235002073e-10
chr10	101540000	101670000	chr10	101740000	101810000	1.911045730210142e-07
chr10	101830000	101930000	chr10	101970000	102020000	7.444186417241098e-07
chr10	103350000	103450000	chr10	103450000	103500000	0.0027525057526357525
chr10	110700000	110810000	chr10	110870000	110920000	6.086839849301016e-11
chr10	112090000	112190000	chr10	112290000	112340000	0.01797520653335153
chr10	119630000	119760000	chr10	119830000	119880000	0.0062677278588464695
chr10	122240000	122370000	chr10	122400000	122470000	0.00026508116844340074
chr10	123000000	123170000	chr10	123540000	123590000	1.4958586444960574e-08
chr10	123540000	123640000	chr10	123950000	124000000	4.869896296306814e-06
chr10	123950000	124050000	chr10	124370000	124420000	7.686754910668127e-08
chr10	132420000	132560000	chr10	132590000	132660000	1.6301373603940329e-07
chr11	2510000	2560000	chr11	2850000	2950000	0.00011253610875229921
chr11	3830000	3880000	chr11	4010000	4120000	2.2309365878545204e-07
chr11	14280000	14330000	chr11	14360000	14480000	9.637994224428566e-07
chr11	19050000	19100000	chr11	19220000	19360000	0.0006500321694929216
chr11	32950000	32980000	chr11	33030000	33110000	1.739218711611779e-05
chr11	33330000	33380000	chr11	33680000	33790000	0.008075767290050063
chr11	34890000	34940000	chr11	35340000	35440000	0.004136252971508155
chr11	45100000	45130000	chr11	45290000	45370000	0.0005719273251713384
chr11	54340000	54370000	chr11	54370000	54450000	8.132057827662741e-21
chr11	62380000	62430000	chr11	62620000	62750000	0.008121434837131422
chr11	63830000	63860000	chr11	63900000	63980000	0.0003052421137560589
chr11	69900000	69950000	chr11	70140000	70250000	0.0004619041046617722
chr11	73940000	73990000	chr11	74100000	74260000	0.0991341672535318
chr11	86000000	86070000	chr11	86180000	86320000	4.214059163766309e-10
chr11	95140000	95190000	chr11	95680000	95800000	2.231402184980878e-06
chr11	110180000	110230000	chr11	110350000	110460000	3.7556659411122153e-10
chr11	111570000	111620000	chr11	111730000	111870000	1.7962076545311177e-15
chr11	117800000	117850000	chr11	117900000	118070000	1.3167025763867177e-15
chr11	120490000	120540000	chr11	120900000	121000000	0.026838331470567477
chr11	121290000	121340000	chr11	121520000	121650000	6.173851299316961e-12
chr11	124630000	124680000	chr11	124730000	124910000	1.6926613000515161e-15
chr11	124940000	124990000	chr11	125090000	125200000	2.528943174417368e-05
chr11	130410000	130460000	chr11	130810000	130940000	1.4342439955458634e-10
chr11	230000	330000	chr11	340000	370000	0.0015593278095713072
chr11	800000	930000	chr11	1030000	1080000	9.944204862405615e-14
chr11	3750000	3900000	chr11	4050000	4100000	6.538015807709791e-28
chr11	7040000	7150000	chr11	7670000	7720000	0.004774143693374232
chr11	20330000	20430000	chr11	20590000	20620000	3.192532601612699e-05
chr11	27120000	27230000	chr11	27460000	27510000	0.0016110699775144764
chr11	31980000	32100000	chr11	32150000	32200000	2.71554748136207e-09
chr11	33060000	33200000	chr11	33300000	33350000	3.4489382330318164e-09
chr11	33810000	33920000	chr11	33940000	33990000	1.2763357822988674e-16
chr11	46340000	46460000	chr11	46510000	46560000	3.448860374017096e-11
chr11	46820000	46950000	chr11	47130000	47180000	7.832076123124941e-20
chr11	47810000	47980000	chr11	48090000	48140000	2.931232530846275e-05
chr11	54360000	54420000	chr11	54530000	54540000	2.00656436143845e-59
chr11	60050000	60150000	chr11	60220000	60270000	0.06238791838845857
chr11	60300000	60380000	chr11	60610000	60640000	0.0013248188865119216
chr11	61730000	61860000	chr11	62080000	62130000	0.003687663019385843
chr11	63940000	64050000	chr11	64130000	64180000	5.974206753065576e-07
chr11	65330000	65450000	chr11	65480000	65530000	6.056895629237692e-13
chr11	65830000	65940000	chr11	65950000	66000000	2.124731273905457e-12
chr11	66500000	66620000	chr11	66640000	66690000	0.001972907545853065
chr11	66650000	66760000	chr11	66810000	66860000	4.850149633508382e-10
chr11	69030000	69140000	chr11	69630000	69680000	0.0014035079440810273
chr11	73330000	73430000	chr11	73630000	73680000	0.011241335499572241
chr11	75380000	75470000	chr11	75510000	75540000	4.3449891512015943e-11
chr11	78170000	78270000	chr11	78540000	78590000	0.0018378631734861433
chr11	86910000	87020000	chr11	87270000	87320000	4.8159482527952284e-08
chr11	87950000	88090000	chr11	88530000	88580000	1.9529470588017317e-06
chr11	95750000	95870000	chr11	96390000	96460000	0.06586636528740226
chr11	109930000	110030000	chr11	110080000	110110000	8.701286603427963e-17
chr11	110180000	110290000	chr11	110340000	110390000	1.716351889335149e-06
chr11	111240000	111370000	chr11	111400000	111450000	2.63481436364952e-19
chr11	116820000	116930000	chr11	117080000	117130000	6.221426735272855e-08
chr11	117880000	118000000	chr11	118020000	118070000	1.593868305172451e-06
chr11	121240000	121340000	chr11	121570000	121620000	0.007887900457056908
chr11	125550000	125690000	chr11	125850000	125900000	0.00025677683188723917
chr11	125880000	125980000	chr11	126170000	126220000	3.0159585868645854e-07
chr11	129870000	129980000	chr11	130110000	130160000	6.300986971478899e-07
chr11	133060000	133160000	chr11	133790000	133840000	0.007428951214185335
chr12	1090000	1140000	chr12	1530000	1640000	1.1728957261710134e-05
chr12	1610000	1680000	chr12	1750000	1870000	2.0644227513880054e-05
chr12	11550000	11600000	chr12	11700000	11840000	1.4404639284619529e-05
chr12	12340000	12390000	chr12	12590000	12770000	8.989213127142068e-05
chr12	14210000	14280000	chr12	14380000	14520000	0.00040370850853502054
chr12	15580000	15630000	chr12	15790000	15910000	4.093638339866944e-06
chr12	18130000	18160000	chr12	18250000	18340000	0.2663876650169481
chr12	24960000	25010000	chr12	25060000	25180000	7.769130967710666e-11
chr12	27000000	27070000	chr12	27240000	27360000	0.014566677078933572
chr12	31090000	31140000	chr12	31190000	31290000	4.153410647476052e-05
chr12	31640000	31690000	chr12	32250000	32390000	7.39759665503198e-11
chr12	37440000	37450000	chr12	37840000	37900000	0.00024165266409008964
chr12	47700000	47750000	chr12	47770000	47910000	0.00232604085308778
chr12	49340000	49390000	chr12	49460000	49570000	2.893497245392727e-09
chr12	50490000	50540000	chr12	50590000	50700000	8.667062701156034e-08
chr12	51400000	51450000	chr12	51480000	51590000	0.0019444550006448096
chr12	56480000	56530000	chr12	56550000	56650000	1.1274140726931475e-07
chr12	56730000	56780000	chr12	56980000	57080000	0.000760828632651484
chr12	63820000	63850000	chr12	64210000	64290000	1.1309816955040469e-11
chr12	68310000	68380000	chr12	68590000	68730000	4.92784287183661e-06
chr12	69870000	69920000	chr12	70520000	70620000	0.018253715691234747
chr12	82510000	82560000	chr12	82610000	82720000	0.0016356412234611
chr12	82660000	82690000	chr12	83340000	83420000	0.13955364027736755
chr12	84860000	84890000	chr12	84990000	85080000	4.698226004940075e-09
chr12	89000000	89050000	chr12	89450000	89560000	1.0802182567207156e-06
chr12	94100000	94150000	chr12	94470000	94580000	0.0005842905223869665
chr12	96560000	96610000	chr12	96920000	97030000	0.08841835109211109
chr12	106360000	106410000	chr12	106850000	106950000	0.004883723459828823
chr12	110080000	110130000	chr12	110240000	110340000	0.004915532462214724
chr12	113040000	113070000	chr12	113090000	113210000	1.848641129939623e-12
chr12	117850000	117900000	chr12	118030000	118190000	0.009094647279733756
chr12	121690000	121740000	chr12	121740000	121840000	1.0440350523593777e-10
chr12	122030000	122080000	chr12	122100000	122230000	2.957165538318987e-05
chr12	122630000	122660000	chr12	122710000	122790000	6.128760008729494e-09
chr12	124010000	124060000	chr12	124270000	124380000	1.5129994822204875e-06
chr12	132390000	132440000	chr12	132480000	132630000	2.932219377303208e-15
chr12	380000	500000	chr12	520000	570000	2.913930797492192e-11
chr12	1600000	1680000	chr12	1770000	1800000	5.750665046515439e-14
chr12	3260000	3360000	chr12	3770000	3820000	0.0027082332193058846
chr12	3980000	4190000	chr12	4250000	4300000	3.8065697386924e-12
chr12	6890000	7030000	chr12	7080000	7130000	1.22360513646734e-06
chr12	8030000	8130000	chr12	8220000	8250000	2.480540956393567e-07
chr12	8850000	8950000	chr12	9020000	9070000	0.0027175345719056086
chr12	11700000	11780000	chr12	11810000	11840000	0.010928361740756896
chr12	15180000	15310000	chr12	15500000	15550000	0.00609863092347781
chr12	22020000	22130000	chr12	22420000	22470000	1.878984157472371e-06
chr12	25140000	25270000	chr12	25370000	25420000	6.001717485323114e-12
chr12	27310000	27450000	chr12	27640000	27730000	0.020172913965346765
chr12	32680000	32800000	chr12	34000000	34050000	1.5515322268974486e-05
chr12	38290000	38370000	chr12	39080000	39110000	0.0008876690290178515
chr12	43920000	44040000	chr12	44900000	44950000	0.0012287847393127275
chr12	47880000	48030000	chr12	48150000	48200000	3.3995204739579295e-09
chr12	53930000	54080000	chr12	54180000	54230000	5.600474189333282e-40
chr12	54190000	54270000	chr12	54360000	54390000	2.108125082856723e-07
chr12	56170000	56320000	chr12	56440000	56490000	2.3267143326611443e-05
chr12	56710000	56820000	chr12	56970000	57020000	7.837844040688091e-07
chr12	57740000	57830000	chr12	57900000	57930000	9.376060348617353e-07
chr12	64530000	64630000	chr12	64660000	64710000	3.3287199535648644e-07
chr12	65510000	65650000	chr12	66070000	66120000	2.6722792368241427e-10
chr12	69330000	69450000	chr12	69540000	69590000	0.00042996950964095253
chr12	71570000	71690000	chr12	71720000	71770000	9.971588136802762e-05
chr12	75470000	75580000	chr12	76010000	76060000	1.7852111641895382e-05
chr12	81250000	81320000	chr12	81980000	81990000	0.1279273930454397
chr12	92340000	92510000	chr12	92540000	92590000	4.180813217733762e-18
chr12	92940000	93070000	chr12	93370000	93420000	4.004630106692034e-15
chr12	93430000	93560000	chr12	94080000	94130000	4.1570972119396795e-07
chr12	96010000	96110000	chr12	96180000	96230000	0.0060802639941147036
chr12	102840000	102940000	chr12	103540000	103590000	0.12643622772716653
chr12	107630000	107790000	chr12	107860000	107910000	7.481552360741834e-14
chr12	112110000	112230000	chr12	112370000	112420000	0.084353075389998
chr12	118080000	118210000	chr12	118350000	118400000	2.4975961091756895e-12
chr12	120310000	120370000	chr12	120420000	120430000	2.52848159798787e-10
chr12	122810000	122910000	chr12	122920000	122970000	2.879526372811516e-17
chr13	27350000	27420000	chr13	27760000	27900000	7.986369887192066e-06
chr13	42950000	43000000	chr13	43050000	43150000	0.0020706989164923483
chr13	44460000	44510000	chr13	44890000	44990000	0.06177653389497701
chr13	49650000	49700000	chr13	49790000	49890000	0.01958184175111639
chr13	84070000	84080000	chr13	84380000	84450000	0.03313644746628116
chr13	95180000	95230000	chr13	95310000	95430000	0.003561180974173608
chr13	21220000	21340000	chr13	21450000	21500000	0.0019050245682339603
chr13	23400000	23520000	chr13	23860000	23910000	0.0001662980858956173
chr13	23970000	24080000	chr13	24200000	24250000	5.747331940986336e-05
chr13	44970000	45070000	chr13	45280000	45330000	4.106750894404685e-05
chr13	48240000	48350000	chr13	48560000	48610000	0.011771897425180011
chr13	62920000	64350000	chr13	64350000	64450000	0.38384776826307265
chr13	77540000	77650000	chr13	77720000	77770000	0.056225146003668784
chr13	79370000	79470000	chr13	79520000	79570000	0.02734466219232832
chr13	95130000	95240000	chr13	95370000	95420000	7.898691878346569e-08
chr13	98380000	98480000	chr13	98640000	98690000	0.0054220381588647
chr13	111050000	111150000	chr13	111200000	111250000	0.011476185214811965
chr14	22380000	22410000	chr14	22440000	22620000	6.541448871295648e-64
chr14	27580000	27670000	chr14	27670000	27920000	0.002932721742919145
chr14	32060000	32110000	chr14	32170000	32290000	2.954333590853179e-10
chr14	33810000	33860000	chr14	34190000	34300000	0.0755387353575705
chr14	49840000	49890000	chr14	50030000	50160000	1.7958481614009537e-18
chr14	54540000	54590000	chr14	54700000	54840000	2.658807566049116e-06
chr14	61440000	61490000	chr14	61750000	61900000	1.7974776663765843e-08
chr14	62140000	62190000	chr14	63250000	63350000	0.0025181748163258296
chr14	67410000	67460000	chr14	67520000	67630000	1.2893699155880356e-08
chr14	67920000	67970000	chr14	68170000	68290000	1.2778860458802387e-05
chr14	69580000	69630000	chr14	69660000	69780000	7.489464512171259e-23
chr14	70600000	70650000	chr14	70690000	70830000	0.00016147620333308602
chr14	72490000	72540000	chr14	72870000	72990000	4.559823250185852e-09
chr14	73480000	73530000	chr14	73570000	73710000	5.616325687057611e-06
chr14	73710000	73760000	chr14	73780000	73930000	2.1364503472509588e-13
chr14	74090000	74140000	chr14	74190000	74320000	4.941094507413531e-06
chr14	75110000	75160000	chr14	75260000	75360000	4.1944902833720657e-05
chr14	76700000	76730000	chr14	76770000	76850000	0.016189518880361655
chr14	76850000	76900000	chr14	77060000	77160000	9.683268186020611e-05
chr14	90880000	90930000	chr14	91120000	91220000	6.761814067504204e-08
chr14	91300000	91370000	chr14	91380000	91500000	5.21155372858882e-06
chr14	93410000	93420000	chr14	93880000	93940000	0.02771430283494589
chr14	105360000	105370000	chr14	105990000	106060000	0.0037703161451304373
chr14	24160000	24390000	chr14	24390000	24460000	1.9035927807650918e-12
chr14	24670000	24790000	chr14	25120000	25170000	0.003194309336085482
chr14	35060000	35200000	chr14	35390000	35440000	2.5365570497030048e-05
chr14	43290000	43350000	chr14	44210000	44220000	0.0053820449240036565
chr14	49800000	49910000	chr14	50080000	50130000	3.4509914661901732e-09
chr14	68160000	68300000	chr14	68790000	68840000	2.517936874040241e-08
chr14	68830000	68930000	chr14	69080000	69130000	0.00010653298672742275
chr14	69200000	69310000	chr14	69440000	69490000	2.2726612049413667e-06
chr14	73150000	73250000	chr14	73460000	73510000	0.2189800392662959
chr14	75080000	75190000	chr14	75270000	75320000	1.931926427765e-16
chr14	76860000	76980000	chr14	77030000	77080000	6.583335764740129e-23
chr14	81190000	81310000	chr14	81430000	81480000	6.765217492320787e-10
chr14	96530000	96630000	chr14	96720000	96770000	0.0034252613581409437
chr14	100340000	100450000	chr14	100630000	100680000	0.0002664983221475229
chr14	102010000	102150000	chr14	102280000	102330000	0.029233296157299415
chr15	17010000	17020000	chr15	17040000	17100000	6.148633154943669e-38
chr15	31190000	31240000	chr15	31300000	31510000	7.986229444520078e-05
chr15	32070000	32080000	chr15	32160000	32230000	4.823279423645789e-07
chr15	40020000	40070000	chr15	40110000	40260000	1.109410959596208e-11
chr15	51960000	52010000	chr15	52080000	52190000	9.473543046652705e-06
chr15	55200000	55250000	chr15	55250000	55350000	1.2620303113314615e-06
chr15	55620000	55670000	chr15	55780000	55890000	0.0006265355616309945
chr15	63450000	63480000	chr15	63540000	63620000	0.00030043519611385713
chr15	66580000	66630000	chr15	66790000	66910000	2.7392768241909454e-05
chr15	67830000	67880000	chr15	68100000	68270000	8.260940310818042e-17
chr15	74340000	74390000	chr15	74520000	74670000	4.412592193211076e-11
chr15	74610000	74660000	chr15	74740000	74880000	1.4154576631940508e-11
chr15	75010000	75060000	chr15	75180000	75280000	1.5147264762085934e-05
chr15	77080000	77150000	chr15	77480000	77600000	5.0104294622295304e-05
chr15	78100000	78130000	chr15	78190000	78280000	1.560466188347164e-17
chr15	78610000	78640000	chr15	78690000	78770000	0.0004031894266947156
chr15	81260000	81310000	chr15	81330000	81440000	3.433584789495293e-07
chr15	89040000	89070000	chr15	89140000	89220000	0.0017995570476009378
chr15	89330000	89380000	chr15	89420000	89520000	0.012600235418436136
chr15	91030000	91080000	chr15	91190000	91310000	2.8965628643464285e-09
chr15	92780000	92830000	chr15	92880000	93050000	8.981559619887236e-24
chr15	95250000	95300000	chr15	95780000	95890000	0.0647614302707176
chr15	99250000	99300000	chr15	99670000	99810000	1.1400113235963189e-11
chr15	30430000	30510000	chr15	30540000	30550000	2.6639334145130915e-61
chr15	34030000	34110000	chr15	34200000	34230000	1.2155491561617812e-06
chr15	34520000	34620000	chr15	34910000	34960000	0.0872970043231409
chr15	36820000	36930000	chr15	37080000	37130000	4.078220645157971e-06
chr15	38400000	38570000	chr15	38670000	38720000	1.6701210827671472e-42
chr15	45370000	45490000	chr15	45590000	45640000	6.252518558395387e-11
chr15	50650000	50750000	chr15	50860000	50910000	0.00220235656445256
chr15	51600000	51700000	chr15	51750000	51800000	1.2033798434447877e-07
chr15	60470000	60600000	chr15	60900000	60950000	0.00015422691680520807
chr15	63570000	63770000	chr15	64050000	64100000	1.4474143024090042e-11
chr15	65610000	65770000	chr15	65810000	65860000	4.1575978257277354e-07
chr15	71720000	71870000	chr15	72130000	72180000	2.6412932885994104e-09
chr15	89860000	90020000	chr15	90040000	90090000	4.698848611694601e-06
chr15	90610000	90720000	chr15	90860000	90910000	0.04353461063101357
chr15	94140000	94240000	chr15	94280000	94330000	1.4624884692921612e-05
chr15	96290000	96420000	chr15	97210000	97260000	0.00032017223162663153
chr15	98270000	98350000	chr15	98400000	98430000	7.843797515816298e-06
chr15	98820000	98940000	chr15	99040000	99090000	0.0017158585980173926
chr15	100870000	101130000	chr15	101240000	101290000	8.877955777676657e-25
chr15	99760000	99940000	chr15	101740000	101770000	4.8766870465537337e-29
chr16	10930000	10980000	chr16	11300000	11410000	0.0036879253442404208
chr16	11940000	11970000	chr16	12030000	12110000	8.314332831046613e-06
chr16	13900000	13950000	chr16	14230000	14350000	0.00104090455487785
chr16	14910000	14920000	chr16	14970000	15030000	5.251913644594477e-17
chr16	15230000	15280000	chr16	16450000	16570000	1.2382925078279672e-11
chr16	15770000	15780000	chr16	16370000	16510000	1.631786285852364e-56
chr16	19880000	19930000	chr16	20300000	20420000	7.911374565843138e-05
chr16	21790000	21840000	chr16	21890000	22110000	4.2370764022811786e-29
chr16	23150000	23200000	chr16	23380000	23490000	2.5688815996744046e-06
chr16	23790000	23840000	chr16	23960000	24080000	3.550453454029762e-11
chr16	30420000	30450000	chr16	30500000	30640000	1.1763600001714347e-14
chr16	46670000	46700000	chr16	46780000	46860000	8.382804325175776e-09
chr16	50650000	50700000	chr16	50730000	50830000	4.421555683814229e-06
chr16	53030000	53080000	chr16	53140000	53300000	1.9168623521138874e-10
chr16	57280000	57330000	chr16	57370000	57480000	0.00018125823497275084
chr16	58320000	58350000	chr16	58450000	58530000	0.00010703265385128811
chr16	58490000	58540000	chr16	58600000	58760000	1.1963427859546917e-05
chr16	66940000	66990000	chr16	67140000	67250000	2.401728328236513e-05
chr16	68240000	68290000	chr16	68290000	68400000	5.244855241887889e-20
chr16	77200000	77250000	chr16	77560000	77660000	0.0500022814825487
chr16	77660000	77710000	chr16	77940000	78040000	0.004442942176605808
chr16	81350000	81400000	chr16	81680000	81780000	7.402420633949106e-05
chr16	85090000	85140000	chr16	85260000	85370000	0.0590748236597203
chr16	85790000	85840000	chr16	85970000	86080000	2.159473278032806e-05
chr16	86530000	86580000	chr16	87260000	87380000	0.015373795499220872
chr16	87760000	87810000	chr16	87830000	87960000	4.786355770590495e-12
chr16	88430000	88480000	chr16	88490000	88590000	7.81883714676495e-11
chr16	20000	120000	chr16	350000	380000	1.455326555380895e-05
chr16	530000	610000	chr16	790000	820000	0.15014518581030944
chr16	1970000	2070000	chr16	2100000	2150000	1.088769039419731e-09
chr16	3690000	3820000	chr16	3840000	3890000	0.0013212677021282547
chr16	10470000	10570000	chr16	10700000	10750000	0.004058726267039577
chr16	23730000	23860000	chr16	24000000	24050000	8.896050209490396e-08
chr16	27120000	27240000	chr16	27430000	27480000	1.6315220985331343e-11
chr16	28670000	28770000	chr16	30020000	30030000	0.00013893718294037785
chr16	30620000	30770000	chr16	30900000	30950000	0.002314467514412876
chr16	30920000	31020000	chr16	31420000	31470000	0.0033082935878425493
chr16	31050000	31140000	chr16	31690000	31720000	0.04682775404825435
chr16	30930000	31520000	chr16	31860000	31890000	2.4332699398724496e-11
chr16	33660000	33740000	chr16	33920000	33930000	3.428699475120921e-14
chr16	48140000	48270000	chr16	48600000	48650000	0.0001359256892696927
chr16	56490000	56600000	chr16	56690000	56720000	5.294003546100241e-05
chr16	59880000	62000000	chr16	62000000	62110000	0.8184597062847131
chr16	66920000	67030000	chr16	67150000	67200000	1.4325365675977103e-08
chr16	67460000	67590000	chr16	67630000	67680000	7.499673437243928e-29
chr16	75160000	75290000	chr16	75370000	75420000	3.0449036926320785e-25
chr16	75380000	75500000	chr16	75740000	75790000	0.006622775313593464
chr16	81300000	81410000	chr16	81700000	81750000	0.004315130815987701
chr16	84090000	84220000	chr16	84470000	84520000	0.006793906261941723
chr16	85380000	85480000	chr16	85590000	85640000	4.826615033773595e-05
chr16	88630000	88770000	chr16	89170000	89260000	0.5185511145810051
chr16	89970000	90120000	chr16	90170000	90240000	0.1328015146143392
chr19	200000	210000	chr19	210000	290000	3.0454379655276585e-18
chr19	1270000	1320000	chr19	1330000	1450000	1.0225411237678405e-23
chr19	2460000	2490000	chr19	2550000	2650000	9.993309770870451e-26
chr19	2940000	2990000	chr19	3050000	3220000	7.321581487365684e-21
chr19	3310000	3360000	chr19	3390000	3520000	3.010842702200993e-21
chr19	3990000	4020000	chr19	4040000	4140000	0.0015913108822002621
chr19	6500000	6550000	chr19	6580000	6690000	0.006025074022405321
chr19	9910000	9960000	chr19	10130000	10320000	1.5259943095203695e-05
chr19	14190000	14240000	chr19	14280000	14380000	0.00012266262600279496
chr19	16200000	16250000	chr19	16370000	16470000	7.717681784747534e-07
chr19	17050000	17100000	chr19	17150000	17330000	9.051375597820541e-24
chr19	35330000	35380000	chr19	35410000	35520000	1.8042185144801906e-15
chr19	37870000	37920000	chr19	38050000	38380000	2.013592027108138e-34
chr19	38230000	38260000	chr19	38290000	38380000	7.398890001862903e-09
chr19	38940000	38990000	chr19	39030000	39170000	4.602347621557067e-11
chr19	41440000	41450000	chr19	41530000	41610000	1.1771229854430034e-34
chr19	47420000	47450000	chr19	47680000	47760000	3.143746194050496e-08
chr19	50350000	50400000	chr19	50410000	50520000	1.7963094200767016e-13
chr19	56060000	56110000	chr19	56130000	56260000	2.220407215570973e-09
chr19	730000	940000	chr19	970000	1020000	3.563903954313525e-28
chr19	2360000	2490000	chr19	2600000	2650000	6.97864451706404e-10
chr19	6590000	6730000	chr19	6850000	6880000	1.9051716382692769e-06
chr19	7620000	7730000	chr19	7770000	7820000	8.693403597688574e-10
chr19	7910000	8210000	chr19	8220000	8270000	3.8645408568990747e-14
chr19	10220000	10330000	chr19	10360000	10410000	5.854765277555462e-16
chr19	13130000	13230000	chr19	13250000	13280000	7.944398829203997e-07
chr19	14530000	14640000	chr19	14660000	14710000	1.70609424980849e-20
chr19	15100000	15220000	chr19	15530000	15580000	0.0007673083372812085
chr19	16000000	16120000	chr19	16160000	16210000	4.376759227720563e-20
chr19	19280000	19390000	chr19	19480000	19530000	0.0013136005844548596
chr19	29670000	29790000	chr19	30630000	30680000	0.00029974040383069284
chr19	33160000	33290000	chr19	33370000	33420000	9.444485074528858e-06
chr19	35250000	35400000	chr19	35460000	35510000	8.145356628004818e-13
chr19	40600000	40720000	chr19	40790000	40840000	5.64639031694414e-07
chr19	46680000	46800000	chr19	46810000	46860000	3.441998868276338e-14
chr19	48400000	48550000	chr19	48560000	48630000	6.544510025247946e-06
chr19	48740000	48880000	chr19	48950000	49000000	7.664047579985778e-07
chr19	50740000	50840000	chr19	50890000	50940000	4.223759753669496e-06
chr19	50900000	50980000	chr19	51070000	51100000	0.00011388157623791473
chr20	330000	380000	chr20	450000	550000	0.00012067707437745738
chr20	790000	840000	chr20	910000	1020000	1.811982142741259e-07
chr20	2340000	2370000	chr20	2410000	2490000	2.5350198018582766e-05
chr20	4600000	4630000	chr20	4680000	4770000	1.109170568230013e-08
chr20	5520000	5570000	chr20	5760000	5860000	2.3929338796203966e-08
chr20	9600000	9650000	chr20	9900000	10010000	0.03242495377156364
chr20	13970000	14040000	chr20	14040000	17220000	1.4232296410738209e-06
chr20	22320000	22370000	chr20	22620000	22730000	0.06083209121508807
chr20	31810000	31860000	chr20	31960000	32120000	0.0012947506921717855
chr20	32870000	32940000	chr20	33020000	33150000	0.0848205613186756
chr20	35960000	36010000	chr20	36130000	36260000	9.28317968288639e-08
chr20	37250000	37300000	chr20	37340000	37450000	6.336673784125592e-10
chr20	38050000	38100000	chr20	38140000	38250000	7.970917990434558e-08
chr20	40950000	41000000	chr20	41030000	41190000	1.277379989591907e-22
chr20	47400000	47430000	chr20	47470000	47610000	0.005044289556593028
chr20	49580000	49630000	chr20	49840000	49940000	0.0001856198111152076
chr20	50160000	50210000	chr20	50420000	50530000	2.4577384338110263e-10
chr20	50450000	50520000	chr20	50520000	50640000	1.562048188774875e-09
chr20	50790000	50820000	chr20	50900000	50980000	8.627475654633737e-07
chr20	50950000	51000000	chr20	51300000	51410000	0.02688696500491052
chr20	51220000	51230000	chr20	52920000	52980000	0.152491338300913
chr20	51360000	51410000	chr20	51530000	51660000	1.3847826023415168e-12
chr20	53410000	53420000	chr20	53860000	53960000	0.07391943292892263
chr20	53550000	53600000	chr20	53890000	54030000	4.8945362204820317e-14
chr20	58860000	58910000	chr20	58970000	59110000	8.428247634438828e-20
chr20	770000	860000	chr20	940000	970000	2.0218097020553253e-06
chr20	1430000	1530000	chr20	1740000	1790000	0.004042685029849326
chr20	1920000	2040000	chr20	2150000	2200000	4.830087832364972e-05
chr20	2820000	2940000	chr20	2950000	3020000	0.031387177553955585
chr20	5500000	5640000	chr20	5750000	5800000	3.977901390284749e-38
chr20	8010000	8110000	chr20	8700000	8750000	0.0334438473490398
chr20	9370000	9470000	chr20	9590000	9640000	0.00298106559114086
chr20	10520000	10670000	chr20	11520000	11570000	0.05826256498043353
chr20	25220000	25320000	chr20	25370000	25420000	0.0011654497126645427
chr20	33390000	33510000	chr20	33640000	33690000	2.4655832336788467e-06
chr20	36120000	36230000	chr20	36420000	36470000	0.0009149953749170733
chr20	37150000	37280000	chr20	37510000	37560000	2.0761452397877926e-09
chr20	41090000	41220000	chr20	41310000	41360000	2.5555996353817767e-10
chr20	43490000	43720000	chr20	44060000	44130000	0.004560550617149554
chr20	44630000	44760000	chr20	44850000	44900000	5.062702162048497e-05
chr20	45290000	45380000	chr20	45420000	45450000	7.522873552085566e-13
chr20	45300000	45500000	chr20	45750000	45800000	3.450946872652757e-07
chr20	46480000	46580000	chr20	46650000	46700000	0.0017398284233299643
chr20	47160000	47310000	chr20	47610000	47660000	2.3806304948340135e-12
chr20	47630000	47730000	chr20	48590000	48640000	2.7959726051559194e-05
chr20	48630000	48740000	chr20	48880000	48930000	1.17407461243085e-09
chr20	54060000	54140000	chr20	54180000	54210000	1.333398453484693e-05
chr20	57450000	57610000	chr20	58170000	58240000	0.00237754525099759
chr20	59020000	59120000	chr20	59200000	59250000	0.007197003893245857
chr21	33900000	33950000	chr21	34130000	34260000	0.09857663020067155
chr21	36110000	36160000	chr21	36310000	36430000	0.0008192564950731237
chr21	42130000	42180000	chr21	42230000	42360000	1.906733011146158e-07
chr21	25360000	25490000	chr21	25550000	25600000	2.231710117930467e-07
chr21	31070000	31200000	chr21	31570000	31620000	0.021062724850923562
chr21	38120000	38220000	chr21	38330000	38380000	5.5464666801400415e-09
chr22	12430000	12440000	chr22	12580000	12640000	1.2512026170156953e-11
chr22	15360000	15370000	chr22	15480000	15550000	8.024169293018243e-19
chr22	16770000	16780000	chr22	16870000	16940000	1.3263806779216454e-14
chr22	17160000	17210000	chr22	17440000	17550000	6.704947664274966e-05
chr22	19720000	19750000	chr22	19880000	19960000	4.397791383381376e-12
chr22	19950000	19980000	chr22	20090000	20170000	0.000209600431230113
chr22	20120000	20170000	chr22	20270000	20370000	2.917848731352319e-06
chr22	27880000	27910000	chr22	27930000	28030000	0.0028721607712832195
chr22	30080000	30130000	chr22	30210000	30330000	6.235140789276047e-08
chr22	30260000	30310000	chr22	30350000	30450000	3.036800783219834e-07
chr22	33280000	33330000	chr22	33510000	33610000	0.1253514137092932
chr22	35310000	35380000	chr22	35520000	35680000	2.907820010145918e-10
chr22	40910000	40960000	chr22	41100000	41270000	0.001741117521283456
chr22	41680000	41730000	chr22	41830000	41960000	0.011096584193974284
chr22	45250000	45300000	chr22	45380000	45490000	1.0797515916690527e-05
chr22	45620000	45670000	chr22	45800000	45910000	1.4781646451517833e-05
chr22	45970000	46060000	chr22	46060000	46200000	5.981493324196727e-06
chr22	17110000	17220000	chr22	17480000	17530000	0.01063487543250487
chr22	20540000	20650000	chr22	20660000	20710000	1.0003867421104907e-10
chr22	22870000	22980000	chr22	23120000	23150000	3.5335126149849937e-07
chr22	24250000	24400000	chr22	24500000	24570000	9.549932583535216e-07
chr22	26350000	26570000	chr22	26630000	26680000	8.726464529300195e-22
chr22	28560000	28670000	chr22	28800000	28850000	0.0033663851386775746
chr22	29010000	29090000	chr22	29230000	29260000	0.0002907298690677733
chr22	30580000	30670000	chr22	30740000	30770000	9.835717455350568e-08
chr22	36240000	36370000	chr22	36450000	36500000	3.2345040991302886e-12
chr22	37030000	37120000	chr22	37170000	37200000	0.00023820810213421328
chr22	39110000	39240000	chr22	39280000	39330000	1.4520472279531923e-18
chr22	40390000	40500000	chr22	40620000	40670000	2.07218750207293e-05
chr22	41360000	41460000	chr22	41490000	41540000	3.1610725625740972e-06
chr22	42050000	42190000	chr22	42420000	42490000	0.01713376340336311
chr22	45950000	46050000	chr22	46300000	46350000	0.002605674249608417
chr22	50430000	50530000	chr22	50570000	50620000	9.95272364275383e-05
chrX	1450000	1480000	chrX	1530000	1630000	1.484920876892918e-06
chrX	21970000	22020000	chrX	22120000	22220000	0.18367636578680693
chrX	31020000	31070000	chrX	31230000	31340000	0.0003661524021415615
chrX	90270000	90280000	chrX	90960000	91040000	9.70980728818869e-09
chrX	95250000	95260000	chrX	95570000	95630000	0.008646156059311705
chrX	107630000	107680000	chrX	107710000	107820000	9.85010338766252e-09
chrX	130060000	130090000	chrX	130160000	130240000	0.0013283237366018311
chrX	1590000	1690000	chrX	2580000	2630000	1.9126477668936234e-05
chrX	9940000	10040000	chrX	10090000	10140000	0.005859504170615219
chrX	12920000	13010000	chrX	13070000	13100000	7.67723163212996e-19
chrX	12880000	13000000	chrX	13470000	13520000	0.004797760679811922
chrX	13630000	13770000	chrX	14010000	14060000	0.032381178735280236
chrX	37880000	37980000	chrX	38140000	38190000	0.03934182151354656
chrX	56730000	56830000	chrX	56970000	57020000	0.32502492106785985
chrX	92350000	92420000	chrX	92480000	92490000	8.739883969284925e-05
chrX	109630000	109730000	chrX	109850000	109900000	4.247387880859512e-06
chrX	147130000	147330000	chrX	147330000	147440000	0.5660925096743388
